p cnf 1000000000 5388
-97 1538 0
-98 1539 0
-1538 1539 0
-98 -1538 0
-99 1540 0
-1539 1540 0
-99 -1539 0
-100 1541 0
-1540 1541 0
-100 -1540 0
-105 1542 0
-1541 1542 0
-105 -1541 0
-106 1543 0
-1542 1543 0
-106 -1542 0
-107 1544 0
-1543 1544 0
-107 -1543 0
-108 -1544 0
-113 1538 0
-114 1539 0
-1538 1539 0
-114 -1538 0
-115 1540 0
-1539 1540 0
-115 -1539 0
-116 1541 0
-1540 1541 0
-116 -1540 0
-121 1542 0
-1541 1542 0
-121 -1541 0
-122 1543 0
-1542 1543 0
-122 -1542 0
-123 1544 0
-1543 1544 0
-123 -1543 0
-124 -1544 0
-129 1538 0
-130 1539 0
-1538 1539 0
-130 -1538 0
-131 1540 0
-1539 1540 0
-131 -1539 0
-132 1541 0
-1540 1541 0
-132 -1540 0
-137 1542 0
-1541 1542 0
-137 -1541 0
-138 1543 0
-1542 1543 0
-138 -1542 0
-139 1544 0
-1543 1544 0
-139 -1543 0
-140 -1544 0
-145 1538 0
-146 1539 0
-1538 1539 0
-146 -1538 0
-147 1540 0
-1539 1540 0
-147 -1539 0
-148 1541 0
-1540 1541 0
-148 -1540 0
-153 1542 0
-1541 1542 0
-153 -1541 0
-154 1543 0
-1542 1543 0
-154 -1542 0
-155 1544 0
-1543 1544 0
-155 -1543 0
-156 -1544 0
-161 1538 0
-162 1539 0
-1538 1539 0
-162 -1538 0
-163 1540 0
-1539 1540 0
-163 -1539 0
-164 1541 0
-1540 1541 0
-164 -1540 0
-169 1542 0
-1541 1542 0
-169 -1541 0
-170 1543 0
-1542 1543 0
-170 -1542 0
-171 1544 0
-1543 1544 0
-171 -1543 0
-172 -1544 0
-177 1538 0
-178 1539 0
-1538 1539 0
-178 -1538 0
-179 1540 0
-1539 1540 0
-179 -1539 0
-180 1541 0
-1540 1541 0
-180 -1540 0
-185 1542 0
-1541 1542 0
-185 -1541 0
-186 1543 0
-1542 1543 0
-186 -1542 0
-187 1544 0
-1543 1544 0
-187 -1543 0
-188 -1544 0
-193 1538 0
-194 1539 0
-1538 1539 0
-194 -1538 0
-195 1540 0
-1539 1540 0
-195 -1539 0
-196 1541 0
-1540 1541 0
-196 -1540 0
-201 1542 0
-1541 1542 0
-201 -1541 0
-202 1543 0
-1542 1543 0
-202 -1542 0
-203 1544 0
-1543 1544 0
-203 -1543 0
-204 -1544 0
-209 1538 0
-210 1539 0
-1538 1539 0
-210 -1538 0
-211 1540 0
-1539 1540 0
-211 -1539 0
-212 1541 0
-1540 1541 0
-212 -1540 0
-217 1542 0
-1541 1542 0
-217 -1541 0
-218 1543 0
-1542 1543 0
-218 -1542 0
-219 1544 0
-1543 1544 0
-219 -1543 0
-220 -1544 0
-225 1538 0
-226 1539 0
-1538 1539 0
-226 -1538 0
-227 1540 0
-1539 1540 0
-227 -1539 0
-228 1541 0
-1540 1541 0
-228 -1540 0
-233 1542 0
-1541 1542 0
-233 -1541 0
-234 1543 0
-1542 1543 0
-234 -1542 0
-235 1544 0
-1543 1544 0
-235 -1543 0
-236 -1544 0
-241 1538 0
-242 1539 0
-1538 1539 0
-242 -1538 0
-243 1540 0
-1539 1540 0
-243 -1539 0
-244 1541 0
-1540 1541 0
-244 -1540 0
-249 1542 0
-1541 1542 0
-249 -1541 0
-250 1543 0
-1542 1543 0
-250 -1542 0
-251 1544 0
-1543 1544 0
-251 -1543 0
-252 -1544 0
-257 1538 0
-258 1539 0
-1538 1539 0
-258 -1538 0
-259 1540 0
-1539 1540 0
-259 -1539 0
-260 1541 0
-1540 1541 0
-260 -1540 0
-265 1542 0
-1541 1542 0
-265 -1541 0
-266 1543 0
-1542 1543 0
-266 -1542 0
-267 1544 0
-1543 1544 0
-267 -1543 0
-268 -1544 0
-273 1538 0
-274 1539 0
-1538 1539 0
-274 -1538 0
-275 1540 0
-1539 1540 0
-275 -1539 0
-276 1541 0
-1540 1541 0
-276 -1540 0
-281 1542 0
-1541 1542 0
-281 -1541 0
-282 1543 0
-1542 1543 0
-282 -1542 0
-283 1544 0
-1543 1544 0
-283 -1543 0
-284 -1544 0
-289 1538 0
-290 1539 0
-1538 1539 0
-290 -1538 0
-291 1540 0
-1539 1540 0
-291 -1539 0
-292 1541 0
-1540 1541 0
-292 -1540 0
-297 1542 0
-1541 1542 0
-297 -1541 0
-298 1543 0
-1542 1543 0
-298 -1542 0
-299 1544 0
-1543 1544 0
-299 -1543 0
-300 -1544 0
-305 1538 0
-306 1539 0
-1538 1539 0
-306 -1538 0
-307 1540 0
-1539 1540 0
-307 -1539 0
-308 1541 0
-1540 1541 0
-308 -1540 0
-313 1542 0
-1541 1542 0
-313 -1541 0
-314 1543 0
-1542 1543 0
-314 -1542 0
-315 1544 0
-1543 1544 0
-315 -1543 0
-316 -1544 0
-321 1538 0
-322 1539 0
-1538 1539 0
-322 -1538 0
-323 1540 0
-1539 1540 0
-323 -1539 0
-324 1541 0
-1540 1541 0
-324 -1540 0
-329 1542 0
-1541 1542 0
-329 -1541 0
-330 1543 0
-1542 1543 0
-330 -1542 0
-331 1544 0
-1543 1544 0
-331 -1543 0
-332 -1544 0
-337 1538 0
-338 1539 0
-1538 1539 0
-338 -1538 0
-339 1540 0
-1539 1540 0
-339 -1539 0
-340 1541 0
-1540 1541 0
-340 -1540 0
-345 1542 0
-1541 1542 0
-345 -1541 0
-346 1543 0
-1542 1543 0
-346 -1542 0
-347 1544 0
-1543 1544 0
-347 -1543 0
-348 -1544 0
-353 1538 0
-354 1539 0
-1538 1539 0
-354 -1538 0
-355 1540 0
-1539 1540 0
-355 -1539 0
-356 1541 0
-1540 1541 0
-356 -1540 0
-361 1542 0
-1541 1542 0
-361 -1541 0
-362 1543 0
-1542 1543 0
-362 -1542 0
-363 1544 0
-1543 1544 0
-363 -1543 0
-364 -1544 0
-369 1538 0
-370 1539 0
-1538 1539 0
-370 -1538 0
-371 1540 0
-1539 1540 0
-371 -1539 0
-372 1541 0
-1540 1541 0
-372 -1540 0
-377 1542 0
-1541 1542 0
-377 -1541 0
-378 1543 0
-1542 1543 0
-378 -1542 0
-379 1544 0
-1543 1544 0
-379 -1543 0
-380 -1544 0
-385 1538 0
-386 1539 0
-1538 1539 0
-386 -1538 0
-387 1540 0
-1539 1540 0
-387 -1539 0
-388 1541 0
-1540 1541 0
-388 -1540 0
-393 1542 0
-1541 1542 0
-393 -1541 0
-394 1543 0
-1542 1543 0
-394 -1542 0
-395 1544 0
-1543 1544 0
-395 -1543 0
-396 -1544 0
-401 1538 0
-402 1539 0
-1538 1539 0
-402 -1538 0
-403 1540 0
-1539 1540 0
-403 -1539 0
-404 1541 0
-1540 1541 0
-404 -1540 0
-409 1542 0
-1541 1542 0
-409 -1541 0
-410 1543 0
-1542 1543 0
-410 -1542 0
-411 1544 0
-1543 1544 0
-411 -1543 0
-412 -1544 0
-417 1538 0
-418 1539 0
-1538 1539 0
-418 -1538 0
-419 1540 0
-1539 1540 0
-419 -1539 0
-420 1541 0
-1540 1541 0
-420 -1540 0
-425 1542 0
-1541 1542 0
-425 -1541 0
-426 1543 0
-1542 1543 0
-426 -1542 0
-427 1544 0
-1543 1544 0
-427 -1543 0
-428 -1544 0
-433 1538 0
-434 1539 0
-1538 1539 0
-434 -1538 0
-435 1540 0
-1539 1540 0
-435 -1539 0
-436 1541 0
-1540 1541 0
-436 -1540 0
-441 1542 0
-1541 1542 0
-441 -1541 0
-442 1543 0
-1542 1543 0
-442 -1542 0
-443 1544 0
-1543 1544 0
-443 -1543 0
-444 -1544 0
-449 1538 0
-450 1539 0
-1538 1539 0
-450 -1538 0
-451 1540 0
-1539 1540 0
-451 -1539 0
-452 1541 0
-1540 1541 0
-452 -1540 0
-457 1542 0
-1541 1542 0
-457 -1541 0
-458 1543 0
-1542 1543 0
-458 -1542 0
-459 1544 0
-1543 1544 0
-459 -1543 0
-460 -1544 0
-465 1538 0
-466 1539 0
-1538 1539 0
-466 -1538 0
-467 1540 0
-1539 1540 0
-467 -1539 0
-468 1541 0
-1540 1541 0
-468 -1540 0
-473 1542 0
-1541 1542 0
-473 -1541 0
-474 1543 0
-1542 1543 0
-474 -1542 0
-475 1544 0
-1543 1544 0
-475 -1543 0
-476 -1544 0
-481 1538 0
-482 1539 0
-1538 1539 0
-482 -1538 0
-483 1540 0
-1539 1540 0
-483 -1539 0
-484 1541 0
-1540 1541 0
-484 -1540 0
-489 1542 0
-1541 1542 0
-489 -1541 0
-490 1543 0
-1542 1543 0
-490 -1542 0
-491 1544 0
-1543 1544 0
-491 -1543 0
-492 -1544 0
-497 1538 0
-498 1539 0
-1538 1539 0
-498 -1538 0
-499 1540 0
-1539 1540 0
-499 -1539 0
-500 1541 0
-1540 1541 0
-500 -1540 0
-505 1542 0
-1541 1542 0
-505 -1541 0
-506 1543 0
-1542 1543 0
-506 -1542 0
-507 1544 0
-1543 1544 0
-507 -1543 0
-508 -1544 0
-513 1538 0
-514 1539 0
-1538 1539 0
-514 -1538 0
-515 1540 0
-1539 1540 0
-515 -1539 0
-516 1541 0
-1540 1541 0
-516 -1540 0
-521 1542 0
-1541 1542 0
-521 -1541 0
-522 1543 0
-1542 1543 0
-522 -1542 0
-523 1544 0
-1543 1544 0
-523 -1543 0
-524 -1544 0
-529 1538 0
-530 1539 0
-1538 1539 0
-530 -1538 0
-531 1540 0
-1539 1540 0
-531 -1539 0
-532 1541 0
-1540 1541 0
-532 -1540 0
-537 1542 0
-1541 1542 0
-537 -1541 0
-538 1543 0
-1542 1543 0
-538 -1542 0
-539 1544 0
-1543 1544 0
-539 -1543 0
-540 -1544 0
-545 1538 0
-546 1539 0
-1538 1539 0
-546 -1538 0
-547 1540 0
-1539 1540 0
-547 -1539 0
-548 1541 0
-1540 1541 0
-548 -1540 0
-553 1542 0
-1541 1542 0
-553 -1541 0
-554 1543 0
-1542 1543 0
-554 -1542 0
-555 1544 0
-1543 1544 0
-555 -1543 0
-556 -1544 0
-561 1538 0
-562 1539 0
-1538 1539 0
-562 -1538 0
-563 1540 0
-1539 1540 0
-563 -1539 0
-564 1541 0
-1540 1541 0
-564 -1540 0
-569 1542 0
-1541 1542 0
-569 -1541 0
-570 1543 0
-1542 1543 0
-570 -1542 0
-571 1544 0
-1543 1544 0
-571 -1543 0
-572 -1544 0
-577 1538 0
-578 1539 0
-1538 1539 0
-578 -1538 0
-579 1540 0
-1539 1540 0
-579 -1539 0
-580 1541 0
-1540 1541 0
-580 -1540 0
-585 1542 0
-1541 1542 0
-585 -1541 0
-586 1543 0
-1542 1543 0
-586 -1542 0
-587 1544 0
-1543 1544 0
-587 -1543 0
-588 -1544 0
-593 1538 0
-594 1539 0
-1538 1539 0
-594 -1538 0
-595 1540 0
-1539 1540 0
-595 -1539 0
-596 1541 0
-1540 1541 0
-596 -1540 0
-601 1542 0
-1541 1542 0
-601 -1541 0
-602 1543 0
-1542 1543 0
-602 -1542 0
-603 1544 0
-1543 1544 0
-603 -1543 0
-604 -1544 0
-609 1538 0
-610 1539 0
-1538 1539 0
-610 -1538 0
-611 1540 0
-1539 1540 0
-611 -1539 0
-612 1541 0
-1540 1541 0
-612 -1540 0
-617 1542 0
-1541 1542 0
-617 -1541 0
-618 1543 0
-1542 1543 0
-618 -1542 0
-619 1544 0
-1543 1544 0
-619 -1543 0
-620 -1544 0
-625 1538 0
-626 1539 0
-1538 1539 0
-626 -1538 0
-627 1540 0
-1539 1540 0
-627 -1539 0
-628 1541 0
-1540 1541 0
-628 -1540 0
-633 1542 0
-1541 1542 0
-633 -1541 0
-634 1543 0
-1542 1543 0
-634 -1542 0
-635 1544 0
-1543 1544 0
-635 -1543 0
-636 -1544 0
-641 1538 0
-642 1539 0
-1538 1539 0
-642 -1538 0
-643 1540 0
-1539 1540 0
-643 -1539 0
-644 1541 0
-1540 1541 0
-644 -1540 0
-649 1542 0
-1541 1542 0
-649 -1541 0
-650 1543 0
-1542 1543 0
-650 -1542 0
-651 1544 0
-1543 1544 0
-651 -1543 0
-652 -1544 0
-657 1538 0
-658 1539 0
-1538 1539 0
-658 -1538 0
-659 1540 0
-1539 1540 0
-659 -1539 0
-660 1541 0
-1540 1541 0
-660 -1540 0
-665 1542 0
-1541 1542 0
-665 -1541 0
-666 1543 0
-1542 1543 0
-666 -1542 0
-667 1544 0
-1543 1544 0
-667 -1543 0
-668 -1544 0
-673 1538 0
-674 1539 0
-1538 1539 0
-674 -1538 0
-675 1540 0
-1539 1540 0
-675 -1539 0
-676 1541 0
-1540 1541 0
-676 -1540 0
-681 1542 0
-1541 1542 0
-681 -1541 0
-682 1543 0
-1542 1543 0
-682 -1542 0
-683 1544 0
-1543 1544 0
-683 -1543 0
-684 -1544 0
-689 1538 0
-690 1539 0
-1538 1539 0
-690 -1538 0
-691 1540 0
-1539 1540 0
-691 -1539 0
-692 1541 0
-1540 1541 0
-692 -1540 0
-697 1542 0
-1541 1542 0
-697 -1541 0
-698 1543 0
-1542 1543 0
-698 -1542 0
-699 1544 0
-1543 1544 0
-699 -1543 0
-700 -1544 0
-705 1538 0
-706 1539 0
-1538 1539 0
-706 -1538 0
-707 1540 0
-1539 1540 0
-707 -1539 0
-708 1541 0
-1540 1541 0
-708 -1540 0
-713 1542 0
-1541 1542 0
-713 -1541 0
-714 1543 0
-1542 1543 0
-714 -1542 0
-715 1544 0
-1543 1544 0
-715 -1543 0
-716 -1544 0
-721 1538 0
-722 1539 0
-1538 1539 0
-722 -1538 0
-723 1540 0
-1539 1540 0
-723 -1539 0
-724 1541 0
-1540 1541 0
-724 -1540 0
-729 1542 0
-1541 1542 0
-729 -1541 0
-730 1543 0
-1542 1543 0
-730 -1542 0
-731 1544 0
-1543 1544 0
-731 -1543 0
-732 -1544 0
-737 1538 0
-738 1539 0
-1538 1539 0
-738 -1538 0
-739 1540 0
-1539 1540 0
-739 -1539 0
-740 1541 0
-1540 1541 0
-740 -1540 0
-745 1542 0
-1541 1542 0
-745 -1541 0
-746 1543 0
-1542 1543 0
-746 -1542 0
-747 1544 0
-1543 1544 0
-747 -1543 0
-748 -1544 0
-753 1538 0
-754 1539 0
-1538 1539 0
-754 -1538 0
-755 1540 0
-1539 1540 0
-755 -1539 0
-756 1541 0
-1540 1541 0
-756 -1540 0
-761 1542 0
-1541 1542 0
-761 -1541 0
-762 1543 0
-1542 1543 0
-762 -1542 0
-763 1544 0
-1543 1544 0
-763 -1543 0
-764 -1544 0
-769 1538 0
-770 1539 0
-1538 1539 0
-770 -1538 0
-771 1540 0
-1539 1540 0
-771 -1539 0
-772 1541 0
-1540 1541 0
-772 -1540 0
-777 1542 0
-1541 1542 0
-777 -1541 0
-778 1543 0
-1542 1543 0
-778 -1542 0
-779 1544 0
-1543 1544 0
-779 -1543 0
-780 -1544 0
-785 1538 0
-786 1539 0
-1538 1539 0
-786 -1538 0
-787 1540 0
-1539 1540 0
-787 -1539 0
-788 1541 0
-1540 1541 0
-788 -1540 0
-793 1542 0
-1541 1542 0
-793 -1541 0
-794 1543 0
-1542 1543 0
-794 -1542 0
-795 1544 0
-1543 1544 0
-795 -1543 0
-796 -1544 0
-801 1538 0
-802 1539 0
-1538 1539 0
-802 -1538 0
-803 1540 0
-1539 1540 0
-803 -1539 0
-804 1541 0
-1540 1541 0
-804 -1540 0
-809 1542 0
-1541 1542 0
-809 -1541 0
-810 1543 0
-1542 1543 0
-810 -1542 0
-811 1544 0
-1543 1544 0
-811 -1543 0
-812 -1544 0
-817 1538 0
-818 1539 0
-1538 1539 0
-818 -1538 0
-819 1540 0
-1539 1540 0
-819 -1539 0
-820 1541 0
-1540 1541 0
-820 -1540 0
-825 1542 0
-1541 1542 0
-825 -1541 0
-826 1543 0
-1542 1543 0
-826 -1542 0
-827 1544 0
-1543 1544 0
-827 -1543 0
-828 -1544 0
-833 1538 0
-834 1539 0
-1538 1539 0
-834 -1538 0
-835 1540 0
-1539 1540 0
-835 -1539 0
-836 1541 0
-1540 1541 0
-836 -1540 0
-841 1542 0
-1541 1542 0
-841 -1541 0
-842 1543 0
-1542 1543 0
-842 -1542 0
-843 1544 0
-1543 1544 0
-843 -1543 0
-844 -1544 0
-849 1538 0
-850 1539 0
-1538 1539 0
-850 -1538 0
-851 1540 0
-1539 1540 0
-851 -1539 0
-852 1541 0
-1540 1541 0
-852 -1540 0
-857 1542 0
-1541 1542 0
-857 -1541 0
-858 1543 0
-1542 1543 0
-858 -1542 0
-859 1544 0
-1543 1544 0
-859 -1543 0
-860 -1544 0
-101 3074 0
-102 3075 0
-3074 3075 0
-102 -3074 0
-103 3076 0
-3075 3076 0
-103 -3075 0
-104 3077 0
-3076 3077 0
-104 -3076 0
-109 3078 0
-3077 3078 0
-109 -3077 0
-110 3079 0
-3078 3079 0
-110 -3078 0
-111 3080 0
-3079 3080 0
-111 -3079 0
-112 -3080 0
-117 3074 0
-118 3075 0
-3074 3075 0
-118 -3074 0
-119 3076 0
-3075 3076 0
-119 -3075 0
-120 3077 0
-3076 3077 0
-120 -3076 0
-125 3078 0
-3077 3078 0
-125 -3077 0
-126 3079 0
-3078 3079 0
-126 -3078 0
-127 3080 0
-3079 3080 0
-127 -3079 0
-128 -3080 0
-133 3074 0
-134 3075 0
-3074 3075 0
-134 -3074 0
-135 3076 0
-3075 3076 0
-135 -3075 0
-136 3077 0
-3076 3077 0
-136 -3076 0
-141 3078 0
-3077 3078 0
-141 -3077 0
-142 3079 0
-3078 3079 0
-142 -3078 0
-143 3080 0
-3079 3080 0
-143 -3079 0
-144 -3080 0
-149 3074 0
-150 3075 0
-3074 3075 0
-150 -3074 0
-151 3076 0
-3075 3076 0
-151 -3075 0
-152 3077 0
-3076 3077 0
-152 -3076 0
-157 3078 0
-3077 3078 0
-157 -3077 0
-158 3079 0
-3078 3079 0
-158 -3078 0
-159 3080 0
-3079 3080 0
-159 -3079 0
-160 -3080 0
-165 3074 0
-166 3075 0
-3074 3075 0
-166 -3074 0
-167 3076 0
-3075 3076 0
-167 -3075 0
-168 3077 0
-3076 3077 0
-168 -3076 0
-173 3078 0
-3077 3078 0
-173 -3077 0
-174 3079 0
-3078 3079 0
-174 -3078 0
-175 3080 0
-3079 3080 0
-175 -3079 0
-176 -3080 0
-181 3074 0
-182 3075 0
-3074 3075 0
-182 -3074 0
-183 3076 0
-3075 3076 0
-183 -3075 0
-184 3077 0
-3076 3077 0
-184 -3076 0
-189 3078 0
-3077 3078 0
-189 -3077 0
-190 3079 0
-3078 3079 0
-190 -3078 0
-191 3080 0
-3079 3080 0
-191 -3079 0
-192 -3080 0
-197 3074 0
-198 3075 0
-3074 3075 0
-198 -3074 0
-199 3076 0
-3075 3076 0
-199 -3075 0
-200 3077 0
-3076 3077 0
-200 -3076 0
-205 3078 0
-3077 3078 0
-205 -3077 0
-206 3079 0
-3078 3079 0
-206 -3078 0
-207 3080 0
-3079 3080 0
-207 -3079 0
-208 -3080 0
-213 3074 0
-214 3075 0
-3074 3075 0
-214 -3074 0
-215 3076 0
-3075 3076 0
-215 -3075 0
-216 3077 0
-3076 3077 0
-216 -3076 0
-221 3078 0
-3077 3078 0
-221 -3077 0
-222 3079 0
-3078 3079 0
-222 -3078 0
-223 3080 0
-3079 3080 0
-223 -3079 0
-224 -3080 0
-229 3074 0
-230 3075 0
-3074 3075 0
-230 -3074 0
-231 3076 0
-3075 3076 0
-231 -3075 0
-232 3077 0
-3076 3077 0
-232 -3076 0
-237 3078 0
-3077 3078 0
-237 -3077 0
-238 3079 0
-3078 3079 0
-238 -3078 0
-239 3080 0
-3079 3080 0
-239 -3079 0
-240 -3080 0
-245 3074 0
-246 3075 0
-3074 3075 0
-246 -3074 0
-247 3076 0
-3075 3076 0
-247 -3075 0
-248 3077 0
-3076 3077 0
-248 -3076 0
-253 3078 0
-3077 3078 0
-253 -3077 0
-254 3079 0
-3078 3079 0
-254 -3078 0
-255 3080 0
-3079 3080 0
-255 -3079 0
-256 -3080 0
-261 3074 0
-262 3075 0
-3074 3075 0
-262 -3074 0
-263 3076 0
-3075 3076 0
-263 -3075 0
-264 3077 0
-3076 3077 0
-264 -3076 0
-269 3078 0
-3077 3078 0
-269 -3077 0
-270 3079 0
-3078 3079 0
-270 -3078 0
-271 3080 0
-3079 3080 0
-271 -3079 0
-272 -3080 0
-277 3074 0
-278 3075 0
-3074 3075 0
-278 -3074 0
-279 3076 0
-3075 3076 0
-279 -3075 0
-280 3077 0
-3076 3077 0
-280 -3076 0
-285 3078 0
-3077 3078 0
-285 -3077 0
-286 3079 0
-3078 3079 0
-286 -3078 0
-287 3080 0
-3079 3080 0
-287 -3079 0
-288 -3080 0
-293 3074 0
-294 3075 0
-3074 3075 0
-294 -3074 0
-295 3076 0
-3075 3076 0
-295 -3075 0
-296 3077 0
-3076 3077 0
-296 -3076 0
-301 3078 0
-3077 3078 0
-301 -3077 0
-302 3079 0
-3078 3079 0
-302 -3078 0
-303 3080 0
-3079 3080 0
-303 -3079 0
-304 -3080 0
-309 3074 0
-310 3075 0
-3074 3075 0
-310 -3074 0
-311 3076 0
-3075 3076 0
-311 -3075 0
-312 3077 0
-3076 3077 0
-312 -3076 0
-317 3078 0
-3077 3078 0
-317 -3077 0
-318 3079 0
-3078 3079 0
-318 -3078 0
-319 3080 0
-3079 3080 0
-319 -3079 0
-320 -3080 0
-325 3074 0
-326 3075 0
-3074 3075 0
-326 -3074 0
-327 3076 0
-3075 3076 0
-327 -3075 0
-328 3077 0
-3076 3077 0
-328 -3076 0
-333 3078 0
-3077 3078 0
-333 -3077 0
-334 3079 0
-3078 3079 0
-334 -3078 0
-335 3080 0
-3079 3080 0
-335 -3079 0
-336 -3080 0
-341 3074 0
-342 3075 0
-3074 3075 0
-342 -3074 0
-343 3076 0
-3075 3076 0
-343 -3075 0
-344 3077 0
-3076 3077 0
-344 -3076 0
-349 3078 0
-3077 3078 0
-349 -3077 0
-350 3079 0
-3078 3079 0
-350 -3078 0
-351 3080 0
-3079 3080 0
-351 -3079 0
-352 -3080 0
-357 3074 0
-358 3075 0
-3074 3075 0
-358 -3074 0
-359 3076 0
-3075 3076 0
-359 -3075 0
-360 3077 0
-3076 3077 0
-360 -3076 0
-365 3078 0
-3077 3078 0
-365 -3077 0
-366 3079 0
-3078 3079 0
-366 -3078 0
-367 3080 0
-3079 3080 0
-367 -3079 0
-368 -3080 0
-373 3074 0
-374 3075 0
-3074 3075 0
-374 -3074 0
-375 3076 0
-3075 3076 0
-375 -3075 0
-376 3077 0
-3076 3077 0
-376 -3076 0
-381 3078 0
-3077 3078 0
-381 -3077 0
-382 3079 0
-3078 3079 0
-382 -3078 0
-383 3080 0
-3079 3080 0
-383 -3079 0
-384 -3080 0
-389 3074 0
-390 3075 0
-3074 3075 0
-390 -3074 0
-391 3076 0
-3075 3076 0
-391 -3075 0
-392 3077 0
-3076 3077 0
-392 -3076 0
-397 3078 0
-3077 3078 0
-397 -3077 0
-398 3079 0
-3078 3079 0
-398 -3078 0
-399 3080 0
-3079 3080 0
-399 -3079 0
-400 -3080 0
-405 3074 0
-406 3075 0
-3074 3075 0
-406 -3074 0
-407 3076 0
-3075 3076 0
-407 -3075 0
-408 3077 0
-3076 3077 0
-408 -3076 0
-413 3078 0
-3077 3078 0
-413 -3077 0
-414 3079 0
-3078 3079 0
-414 -3078 0
-415 3080 0
-3079 3080 0
-415 -3079 0
-416 -3080 0
-421 3074 0
-422 3075 0
-3074 3075 0
-422 -3074 0
-423 3076 0
-3075 3076 0
-423 -3075 0
-424 3077 0
-3076 3077 0
-424 -3076 0
-429 3078 0
-3077 3078 0
-429 -3077 0
-430 3079 0
-3078 3079 0
-430 -3078 0
-431 3080 0
-3079 3080 0
-431 -3079 0
-432 -3080 0
-437 3074 0
-438 3075 0
-3074 3075 0
-438 -3074 0
-439 3076 0
-3075 3076 0
-439 -3075 0
-440 3077 0
-3076 3077 0
-440 -3076 0
-445 3078 0
-3077 3078 0
-445 -3077 0
-446 3079 0
-3078 3079 0
-446 -3078 0
-447 3080 0
-3079 3080 0
-447 -3079 0
-448 -3080 0
-453 3074 0
-454 3075 0
-3074 3075 0
-454 -3074 0
-455 3076 0
-3075 3076 0
-455 -3075 0
-456 3077 0
-3076 3077 0
-456 -3076 0
-461 3078 0
-3077 3078 0
-461 -3077 0
-462 3079 0
-3078 3079 0
-462 -3078 0
-463 3080 0
-3079 3080 0
-463 -3079 0
-464 -3080 0
-469 3074 0
-470 3075 0
-3074 3075 0
-470 -3074 0
-471 3076 0
-3075 3076 0
-471 -3075 0
-472 3077 0
-3076 3077 0
-472 -3076 0
-477 3078 0
-3077 3078 0
-477 -3077 0
-478 3079 0
-3078 3079 0
-478 -3078 0
-479 3080 0
-3079 3080 0
-479 -3079 0
-480 -3080 0
-485 3074 0
-486 3075 0
-3074 3075 0
-486 -3074 0
-487 3076 0
-3075 3076 0
-487 -3075 0
-488 3077 0
-3076 3077 0
-488 -3076 0
-493 3078 0
-3077 3078 0
-493 -3077 0
-494 3079 0
-3078 3079 0
-494 -3078 0
-495 3080 0
-3079 3080 0
-495 -3079 0
-496 -3080 0
-501 3074 0
-502 3075 0
-3074 3075 0
-502 -3074 0
-503 3076 0
-3075 3076 0
-503 -3075 0
-504 3077 0
-3076 3077 0
-504 -3076 0
-509 3078 0
-3077 3078 0
-509 -3077 0
-510 3079 0
-3078 3079 0
-510 -3078 0
-511 3080 0
-3079 3080 0
-511 -3079 0
-512 -3080 0
-517 3074 0
-518 3075 0
-3074 3075 0
-518 -3074 0
-519 3076 0
-3075 3076 0
-519 -3075 0
-520 3077 0
-3076 3077 0
-520 -3076 0
-525 3078 0
-3077 3078 0
-525 -3077 0
-526 3079 0
-3078 3079 0
-526 -3078 0
-527 3080 0
-3079 3080 0
-527 -3079 0
-528 -3080 0
-533 3074 0
-534 3075 0
-3074 3075 0
-534 -3074 0
-535 3076 0
-3075 3076 0
-535 -3075 0
-536 3077 0
-3076 3077 0
-536 -3076 0
-541 3078 0
-3077 3078 0
-541 -3077 0
-542 3079 0
-3078 3079 0
-542 -3078 0
-543 3080 0
-3079 3080 0
-543 -3079 0
-544 -3080 0
-549 3074 0
-550 3075 0
-3074 3075 0
-550 -3074 0
-551 3076 0
-3075 3076 0
-551 -3075 0
-552 3077 0
-3076 3077 0
-552 -3076 0
-557 3078 0
-3077 3078 0
-557 -3077 0
-558 3079 0
-3078 3079 0
-558 -3078 0
-559 3080 0
-3079 3080 0
-559 -3079 0
-560 -3080 0
-565 3074 0
-566 3075 0
-3074 3075 0
-566 -3074 0
-567 3076 0
-3075 3076 0
-567 -3075 0
-568 3077 0
-3076 3077 0
-568 -3076 0
-573 3078 0
-3077 3078 0
-573 -3077 0
-574 3079 0
-3078 3079 0
-574 -3078 0
-575 3080 0
-3079 3080 0
-575 -3079 0
-576 -3080 0
-581 3074 0
-582 3075 0
-3074 3075 0
-582 -3074 0
-583 3076 0
-3075 3076 0
-583 -3075 0
-584 3077 0
-3076 3077 0
-584 -3076 0
-589 3078 0
-3077 3078 0
-589 -3077 0
-590 3079 0
-3078 3079 0
-590 -3078 0
-591 3080 0
-3079 3080 0
-591 -3079 0
-592 -3080 0
-597 3074 0
-598 3075 0
-3074 3075 0
-598 -3074 0
-599 3076 0
-3075 3076 0
-599 -3075 0
-600 3077 0
-3076 3077 0
-600 -3076 0
-605 3078 0
-3077 3078 0
-605 -3077 0
-606 3079 0
-3078 3079 0
-606 -3078 0
-607 3080 0
-3079 3080 0
-607 -3079 0
-608 -3080 0
-613 3074 0
-614 3075 0
-3074 3075 0
-614 -3074 0
-615 3076 0
-3075 3076 0
-615 -3075 0
-616 3077 0
-3076 3077 0
-616 -3076 0
-621 3078 0
-3077 3078 0
-621 -3077 0
-622 3079 0
-3078 3079 0
-622 -3078 0
-623 3080 0
-3079 3080 0
-623 -3079 0
-624 -3080 0
-629 3074 0
-630 3075 0
-3074 3075 0
-630 -3074 0
-631 3076 0
-3075 3076 0
-631 -3075 0
-632 3077 0
-3076 3077 0
-632 -3076 0
-637 3078 0
-3077 3078 0
-637 -3077 0
-638 3079 0
-3078 3079 0
-638 -3078 0
-639 3080 0
-3079 3080 0
-639 -3079 0
-640 -3080 0
-645 3074 0
-646 3075 0
-3074 3075 0
-646 -3074 0
-647 3076 0
-3075 3076 0
-647 -3075 0
-648 3077 0
-3076 3077 0
-648 -3076 0
-653 3078 0
-3077 3078 0
-653 -3077 0
-654 3079 0
-3078 3079 0
-654 -3078 0
-655 3080 0
-3079 3080 0
-655 -3079 0
-656 -3080 0
-661 3074 0
-662 3075 0
-3074 3075 0
-662 -3074 0
-663 3076 0
-3075 3076 0
-663 -3075 0
-664 3077 0
-3076 3077 0
-664 -3076 0
-669 3078 0
-3077 3078 0
-669 -3077 0
-670 3079 0
-3078 3079 0
-670 -3078 0
-671 3080 0
-3079 3080 0
-671 -3079 0
-672 -3080 0
-677 3074 0
-678 3075 0
-3074 3075 0
-678 -3074 0
-679 3076 0
-3075 3076 0
-679 -3075 0
-680 3077 0
-3076 3077 0
-680 -3076 0
-685 3078 0
-3077 3078 0
-685 -3077 0
-686 3079 0
-3078 3079 0
-686 -3078 0
-687 3080 0
-3079 3080 0
-687 -3079 0
-688 -3080 0
-693 3074 0
-694 3075 0
-3074 3075 0
-694 -3074 0
-695 3076 0
-3075 3076 0
-695 -3075 0
-696 3077 0
-3076 3077 0
-696 -3076 0
-701 3078 0
-3077 3078 0
-701 -3077 0
-702 3079 0
-3078 3079 0
-702 -3078 0
-703 3080 0
-3079 3080 0
-703 -3079 0
-704 -3080 0
-709 3074 0
-710 3075 0
-3074 3075 0
-710 -3074 0
-711 3076 0
-3075 3076 0
-711 -3075 0
-712 3077 0
-3076 3077 0
-712 -3076 0
-717 3078 0
-3077 3078 0
-717 -3077 0
-718 3079 0
-3078 3079 0
-718 -3078 0
-719 3080 0
-3079 3080 0
-719 -3079 0
-720 -3080 0
-725 3074 0
-726 3075 0
-3074 3075 0
-726 -3074 0
-727 3076 0
-3075 3076 0
-727 -3075 0
-728 3077 0
-3076 3077 0
-728 -3076 0
-733 3078 0
-3077 3078 0
-733 -3077 0
-734 3079 0
-3078 3079 0
-734 -3078 0
-735 3080 0
-3079 3080 0
-735 -3079 0
-736 -3080 0
-741 3074 0
-742 3075 0
-3074 3075 0
-742 -3074 0
-743 3076 0
-3075 3076 0
-743 -3075 0
-744 3077 0
-3076 3077 0
-744 -3076 0
-749 3078 0
-3077 3078 0
-749 -3077 0
-750 3079 0
-3078 3079 0
-750 -3078 0
-751 3080 0
-3079 3080 0
-751 -3079 0
-752 -3080 0
-757 3074 0
-758 3075 0
-3074 3075 0
-758 -3074 0
-759 3076 0
-3075 3076 0
-759 -3075 0
-760 3077 0
-3076 3077 0
-760 -3076 0
-765 3078 0
-3077 3078 0
-765 -3077 0
-766 3079 0
-3078 3079 0
-766 -3078 0
-767 3080 0
-3079 3080 0
-767 -3079 0
-768 -3080 0
-773 3074 0
-774 3075 0
-3074 3075 0
-774 -3074 0
-775 3076 0
-3075 3076 0
-775 -3075 0
-776 3077 0
-3076 3077 0
-776 -3076 0
-781 3078 0
-3077 3078 0
-781 -3077 0
-782 3079 0
-3078 3079 0
-782 -3078 0
-783 3080 0
-3079 3080 0
-783 -3079 0
-784 -3080 0
-789 3074 0
-790 3075 0
-3074 3075 0
-790 -3074 0
-791 3076 0
-3075 3076 0
-791 -3075 0
-792 3077 0
-3076 3077 0
-792 -3076 0
-797 3078 0
-3077 3078 0
-797 -3077 0
-798 3079 0
-3078 3079 0
-798 -3078 0
-799 3080 0
-3079 3080 0
-799 -3079 0
-800 -3080 0
-805 3074 0
-806 3075 0
-3074 3075 0
-806 -3074 0
-807 3076 0
-3075 3076 0
-807 -3075 0
-808 3077 0
-3076 3077 0
-808 -3076 0
-813 3078 0
-3077 3078 0
-813 -3077 0
-814 3079 0
-3078 3079 0
-814 -3078 0
-815 3080 0
-3079 3080 0
-815 -3079 0
-816 -3080 0
-821 3074 0
-822 3075 0
-3074 3075 0
-822 -3074 0
-823 3076 0
-3075 3076 0
-823 -3075 0
-824 3077 0
-3076 3077 0
-824 -3076 0
-829 3078 0
-3077 3078 0
-829 -3077 0
-830 3079 0
-3078 3079 0
-830 -3078 0
-831 3080 0
-3079 3080 0
-831 -3079 0
-832 -3080 0
-837 3074 0
-838 3075 0
-3074 3075 0
-838 -3074 0
-839 3076 0
-3075 3076 0
-839 -3075 0
-840 3077 0
-3076 3077 0
-840 -3076 0
-845 3078 0
-3077 3078 0
-845 -3077 0
-846 3079 0
-3078 3079 0
-846 -3078 0
-847 3080 0
-3079 3080 0
-847 -3079 0
-848 -3080 0
-853 3074 0
-854 3075 0
-3074 3075 0
-854 -3074 0
-855 3076 0
-3075 3076 0
-855 -3075 0
-856 3077 0
-3076 3077 0
-856 -3076 0
-861 3078 0
-3077 3078 0
-861 -3077 0
-862 3079 0
-3078 3079 0
-862 -3078 0
-863 3080 0
-3079 3080 0
-863 -3079 0
-864 -3080 0
-97 -101 0
-98 -102 0
-99 -103 0
-100 -104 0
-105 -109 0
-106 -110 0
-107 -111 0
-108 -112 0
-113 -117 0
-114 -118 0
-115 -119 0
-116 -120 0
-121 -125 0
-122 -126 0
-123 -127 0
-124 -128 0
-129 -133 0
-130 -134 0
-131 -135 0
-132 -136 0
-137 -141 0
-138 -142 0
-139 -143 0
-140 -144 0
-145 -149 0
-146 -150 0
-147 -151 0
-148 -152 0
-153 -157 0
-154 -158 0
-155 -159 0
-156 -160 0
-161 -165 0
-162 -166 0
-163 -167 0
-164 -168 0
-169 -173 0
-170 -174 0
-171 -175 0
-172 -176 0
-177 -181 0
-178 -182 0
-179 -183 0
-180 -184 0
-185 -189 0
-186 -190 0
-187 -191 0
-188 -192 0
-193 -197 0
-194 -198 0
-195 -199 0
-196 -200 0
-201 -205 0
-202 -206 0
-203 -207 0
-204 -208 0
-209 -213 0
-210 -214 0
-211 -215 0
-212 -216 0
-217 -221 0
-218 -222 0
-219 -223 0
-220 -224 0
-225 -229 0
-226 -230 0
-227 -231 0
-228 -232 0
-233 -237 0
-234 -238 0
-235 -239 0
-236 -240 0
-241 -245 0
-242 -246 0
-243 -247 0
-244 -248 0
-249 -253 0
-250 -254 0
-251 -255 0
-252 -256 0
-257 -261 0
-258 -262 0
-259 -263 0
-260 -264 0
-265 -269 0
-266 -270 0
-267 -271 0
-268 -272 0
-273 -277 0
-274 -278 0
-275 -279 0
-276 -280 0
-281 -285 0
-282 -286 0
-283 -287 0
-284 -288 0
-289 -293 0
-290 -294 0
-291 -295 0
-292 -296 0
-297 -301 0
-298 -302 0
-299 -303 0
-300 -304 0
-305 -309 0
-306 -310 0
-307 -311 0
-308 -312 0
-313 -317 0
-314 -318 0
-315 -319 0
-316 -320 0
-321 -325 0
-322 -326 0
-323 -327 0
-324 -328 0
-329 -333 0
-330 -334 0
-331 -335 0
-332 -336 0
-337 -341 0
-338 -342 0
-339 -343 0
-340 -344 0
-345 -349 0
-346 -350 0
-347 -351 0
-348 -352 0
-353 -357 0
-354 -358 0
-355 -359 0
-356 -360 0
-361 -365 0
-362 -366 0
-363 -367 0
-364 -368 0
-369 -373 0
-370 -374 0
-371 -375 0
-372 -376 0
-377 -381 0
-378 -382 0
-379 -383 0
-380 -384 0
-385 -389 0
-386 -390 0
-387 -391 0
-388 -392 0
-393 -397 0
-394 -398 0
-395 -399 0
-396 -400 0
-401 -405 0
-402 -406 0
-403 -407 0
-404 -408 0
-409 -413 0
-410 -414 0
-411 -415 0
-412 -416 0
-433 -437 0
-434 -438 0
-435 -439 0
-436 -440 0
-441 -445 0
-442 -446 0
-443 -447 0
-444 -448 0
-449 -453 0
-450 -454 0
-451 -455 0
-452 -456 0
-457 -461 0
-458 -462 0
-459 -463 0
-460 -464 0
-465 -469 0
-466 -470 0
-467 -471 0
-468 -472 0
-473 -477 0
-474 -478 0
-475 -479 0
-476 -480 0
-481 -485 0
-482 -486 0
-483 -487 0
-484 -488 0
-489 -493 0
-490 -494 0
-491 -495 0
-492 -496 0
-513 -517 0
-514 -518 0
-515 -519 0
-516 -520 0
-521 -525 0
-522 -526 0
-523 -527 0
-524 -528 0
-529 -533 0
-530 -534 0
-531 -535 0
-532 -536 0
-537 -541 0
-538 -542 0
-539 -543 0
-540 -544 0
-545 -549 0
-546 -550 0
-547 -551 0
-548 -552 0
-553 -557 0
-554 -558 0
-555 -559 0
-556 -560 0
-561 -565 0
-562 -566 0
-563 -567 0
-564 -568 0
-569 -573 0
-570 -574 0
-571 -575 0
-572 -576 0
-577 -581 0
-578 -582 0
-579 -583 0
-580 -584 0
-585 -589 0
-586 -590 0
-587 -591 0
-588 -592 0
-593 -597 0
-594 -598 0
-595 -599 0
-596 -600 0
-601 -605 0
-602 -606 0
-603 -607 0
-604 -608 0
-609 -613 0
-610 -614 0
-611 -615 0
-612 -616 0
-617 -621 0
-618 -622 0
-619 -623 0
-620 -624 0
-625 -629 0
-626 -630 0
-627 -631 0
-628 -632 0
-633 -637 0
-634 -638 0
-635 -639 0
-636 -640 0
-641 -645 0
-642 -646 0
-643 -647 0
-644 -648 0
-649 -653 0
-650 -654 0
-651 -655 0
-652 -656 0
-657 -661 0
-658 -662 0
-659 -663 0
-660 -664 0
-665 -669 0
-666 -670 0
-667 -671 0
-668 -672 0
-673 -677 0
-674 -678 0
-675 -679 0
-676 -680 0
-681 -685 0
-682 -686 0
-683 -687 0
-684 -688 0
-689 -693 0
-690 -694 0
-691 -695 0
-692 -696 0
-697 -701 0
-698 -702 0
-699 -703 0
-700 -704 0
-705 -709 0
-706 -710 0
-707 -711 0
-708 -712 0
-713 -717 0
-714 -718 0
-715 -719 0
-716 -720 0
-721 -725 0
-722 -726 0
-723 -727 0
-724 -728 0
-729 -733 0
-730 -734 0
-731 -735 0
-732 -736 0
-737 -741 0
-738 -742 0
-739 -743 0
-740 -744 0
-745 -749 0
-746 -750 0
-747 -751 0
-748 -752 0
-753 -757 0
-754 -758 0
-755 -759 0
-756 -760 0
-761 -765 0
-762 -766 0
-763 -767 0
-764 -768 0
-769 -773 0
-770 -774 0
-771 -775 0
-772 -776 0
-777 -781 0
-778 -782 0
-779 -783 0
-780 -784 0
-785 -789 0
-786 -790 0
-787 -791 0
-788 -792 0
-793 -797 0
-794 -798 0
-795 -799 0
-796 -800 0
-801 -805 0
-802 -806 0
-803 -807 0
-804 -808 0
-809 -813 0
-810 -814 0
-811 -815 0
-812 -816 0
-817 -821 0
-818 -822 0
-819 -823 0
-820 -824 0
-825 -829 0
-826 -830 0
-827 -831 0
-828 -832 0
-833 -837 0
-834 -838 0
-835 -839 0
-836 -840 0
-841 -845 0
-842 -846 0
-843 -847 0
-844 -848 0
-849 -853 0
-850 -854 0
-851 -855 0
-852 -856 0
-857 -861 0
-858 -862 0
-859 -863 0
-860 -864 0
-97 102 103 104 0
-98 101 103 104 0
-99 101 102 104 0
-100 101 102 103 0
-105 110 111 112 0
-106 109 111 112 0
-107 109 110 112 0
-108 109 110 111 0
-113 118 119 120 0
-114 117 119 120 0
-115 117 118 120 0
-116 117 118 119 0
-121 126 127 128 0
-122 125 127 128 0
-123 125 126 128 0
-124 125 126 127 0
-129 134 135 136 0
-130 133 135 136 0
-131 133 134 136 0
-132 133 134 135 0
-137 142 143 144 0
-138 141 143 144 0
-139 141 142 144 0
-140 141 142 143 0
-145 150 151 152 0
-146 149 151 152 0
-147 149 150 152 0
-148 149 150 151 0
-153 158 159 160 0
-154 157 159 160 0
-155 157 158 160 0
-156 157 158 159 0
-161 166 167 168 0
-162 165 167 168 0
-163 165 166 168 0
-164 165 166 167 0
-169 174 175 176 0
-170 173 175 176 0
-171 173 174 176 0
-172 173 174 175 0
-177 182 183 184 0
-178 181 183 184 0
-179 181 182 184 0
-180 181 182 183 0
-185 190 191 192 0
-186 189 191 192 0
-187 189 190 192 0
-188 189 190 191 0
-193 198 199 200 0
-194 197 199 200 0
-195 197 198 200 0
-196 197 198 199 0
-201 206 207 208 0
-202 205 207 208 0
-203 205 206 208 0
-204 205 206 207 0
-209 214 215 216 0
-210 213 215 216 0
-211 213 214 216 0
-212 213 214 215 0
-217 222 223 224 0
-218 221 223 224 0
-219 221 222 224 0
-220 221 222 223 0
-225 230 231 232 0
-226 229 231 232 0
-227 229 230 232 0
-228 229 230 231 0
-233 238 239 240 0
-234 237 239 240 0
-235 237 238 240 0
-236 237 238 239 0
-241 246 247 248 0
-242 245 247 248 0
-243 245 246 248 0
-244 245 246 247 0
-249 254 255 256 0
-250 253 255 256 0
-251 253 254 256 0
-252 253 254 255 0
-257 262 263 264 0
-258 261 263 264 0
-259 261 262 264 0
-260 261 262 263 0
-265 270 271 272 0
-266 269 271 272 0
-267 269 270 272 0
-268 269 270 271 0
-273 278 279 280 0
-274 277 279 280 0
-275 277 278 280 0
-276 277 278 279 0
-281 286 287 288 0
-282 285 287 288 0
-283 285 286 288 0
-284 285 286 287 0
-289 294 295 296 0
-290 293 295 296 0
-291 293 294 296 0
-292 293 294 295 0
-297 302 303 304 0
-298 301 303 304 0
-299 301 302 304 0
-300 301 302 303 0
-305 310 311 312 0
-306 309 311 312 0
-307 309 310 312 0
-308 309 310 311 0
-313 318 319 320 0
-314 317 319 320 0
-315 317 318 320 0
-316 317 318 319 0
-321 326 327 328 0
-322 325 327 328 0
-323 325 326 328 0
-324 325 326 327 0
-329 334 335 336 0
-330 333 335 336 0
-331 333 334 336 0
-332 333 334 335 0
-337 342 343 344 0
-338 341 343 344 0
-339 341 342 344 0
-340 341 342 343 0
-345 350 351 352 0
-346 349 351 352 0
-347 349 350 352 0
-348 349 350 351 0
-353 358 359 360 0
-354 357 359 360 0
-355 357 358 360 0
-356 357 358 359 0
-361 366 367 368 0
-362 365 367 368 0
-363 365 366 368 0
-364 365 366 367 0
-369 374 375 376 0
-370 373 375 376 0
-371 373 374 376 0
-372 373 374 375 0
-377 382 383 384 0
-378 381 383 384 0
-379 381 382 384 0
-380 381 382 383 0
-385 390 391 392 0
-386 389 391 392 0
-387 389 390 392 0
-388 389 390 391 0
-393 398 399 400 0
-394 397 399 400 0
-395 397 398 400 0
-396 397 398 399 0
-401 406 407 408 0
-402 405 407 408 0
-403 405 406 408 0
-404 405 406 407 0
-409 414 415 416 0
-410 413 415 416 0
-411 413 414 416 0
-412 413 414 415 0
-433 438 439 440 0
-434 437 439 440 0
-435 437 438 440 0
-436 437 438 439 0
-441 446 447 448 0
-442 445 447 448 0
-443 445 446 448 0
-444 445 446 447 0
-449 454 455 456 0
-450 453 455 456 0
-451 453 454 456 0
-452 453 454 455 0
-457 462 463 464 0
-458 461 463 464 0
-459 461 462 464 0
-460 461 462 463 0
-465 470 471 472 0
-466 469 471 472 0
-467 469 470 472 0
-468 469 470 471 0
-473 478 479 480 0
-474 477 479 480 0
-475 477 478 480 0
-476 477 478 479 0
-481 486 487 488 0
-482 485 487 488 0
-483 485 486 488 0
-484 485 486 487 0
-489 494 495 496 0
-490 493 495 496 0
-491 493 494 496 0
-492 493 494 495 0
-513 518 519 520 0
-514 517 519 520 0
-515 517 518 520 0
-516 517 518 519 0
-521 526 527 528 0
-522 525 527 528 0
-523 525 526 528 0
-524 525 526 527 0
-529 534 535 536 0
-530 533 535 536 0
-531 533 534 536 0
-532 533 534 535 0
-537 542 543 544 0
-538 541 543 544 0
-539 541 542 544 0
-540 541 542 543 0
-545 550 551 552 0
-546 549 551 552 0
-547 549 550 552 0
-548 549 550 551 0
-553 558 559 560 0
-554 557 559 560 0
-555 557 558 560 0
-556 557 558 559 0
-561 566 567 568 0
-562 565 567 568 0
-563 565 566 568 0
-564 565 566 567 0
-569 574 575 576 0
-570 573 575 576 0
-571 573 574 576 0
-572 573 574 575 0
-577 582 583 584 0
-578 581 583 584 0
-579 581 582 584 0
-580 581 582 583 0
-585 590 591 592 0
-586 589 591 592 0
-587 589 590 592 0
-588 589 590 591 0
-593 598 599 600 0
-594 597 599 600 0
-595 597 598 600 0
-596 597 598 599 0
-601 606 607 608 0
-602 605 607 608 0
-603 605 606 608 0
-604 605 606 607 0
-609 614 615 616 0
-610 613 615 616 0
-611 613 614 616 0
-612 613 614 615 0
-617 622 623 624 0
-618 621 623 624 0
-619 621 622 624 0
-620 621 622 623 0
-625 630 631 632 0
-626 629 631 632 0
-627 629 630 632 0
-628 629 630 631 0
-633 638 639 640 0
-634 637 639 640 0
-635 637 638 640 0
-636 637 638 639 0
-641 646 647 648 0
-642 645 647 648 0
-643 645 646 648 0
-644 645 646 647 0
-649 654 655 656 0
-650 653 655 656 0
-651 653 654 656 0
-652 653 654 655 0
-657 662 663 664 0
-658 661 663 664 0
-659 661 662 664 0
-660 661 662 663 0
-665 670 671 672 0
-666 669 671 672 0
-667 669 670 672 0
-668 669 670 671 0
-673 678 679 680 0
-674 677 679 680 0
-675 677 678 680 0
-676 677 678 679 0
-681 686 687 688 0
-682 685 687 688 0
-683 685 686 688 0
-684 685 686 687 0
-689 694 695 696 0
-690 693 695 696 0
-691 693 694 696 0
-692 693 694 695 0
-697 702 703 704 0
-698 701 703 704 0
-699 701 702 704 0
-700 701 702 703 0
-705 710 711 712 0
-706 709 711 712 0
-707 709 710 712 0
-708 709 710 711 0
-713 718 719 720 0
-714 717 719 720 0
-715 717 718 720 0
-716 717 718 719 0
-721 726 727 728 0
-722 725 727 728 0
-723 725 726 728 0
-724 725 726 727 0
-729 734 735 736 0
-730 733 735 736 0
-731 733 734 736 0
-732 733 734 735 0
-737 742 743 744 0
-738 741 743 744 0
-739 741 742 744 0
-740 741 742 743 0
-745 750 751 752 0
-746 749 751 752 0
-747 749 750 752 0
-748 749 750 751 0
-753 758 759 760 0
-754 757 759 760 0
-755 757 758 760 0
-756 757 758 759 0
-761 766 767 768 0
-762 765 767 768 0
-763 765 766 768 0
-764 765 766 767 0
-769 774 775 776 0
-770 773 775 776 0
-771 773 774 776 0
-772 773 774 775 0
-777 782 783 784 0
-778 781 783 784 0
-779 781 782 784 0
-780 781 782 783 0
-785 790 791 792 0
-786 789 791 792 0
-787 789 790 792 0
-788 789 790 791 0
-793 798 799 800 0
-794 797 799 800 0
-795 797 798 800 0
-796 797 798 799 0
-801 806 807 808 0
-802 805 807 808 0
-803 805 806 808 0
-804 805 806 807 0
-809 814 815 816 0
-810 813 815 816 0
-811 813 814 816 0
-812 813 814 815 0
-817 822 823 824 0
-818 821 823 824 0
-819 821 822 824 0
-820 821 822 823 0
-825 830 831 832 0
-826 829 831 832 0
-827 829 830 832 0
-828 829 830 831 0
-833 838 839 840 0
-834 837 839 840 0
-835 837 838 840 0
-836 837 838 839 0
-841 846 847 848 0
-842 845 847 848 0
-843 845 846 848 0
-844 845 846 847 0
-849 854 855 856 0
-850 853 855 856 0
-851 853 854 856 0
-852 853 854 855 0
-857 862 863 864 0
-858 861 863 864 0
-859 861 862 864 0
-860 861 862 863 0
-102 116 0
-103 193 0
-110 124 0
-111 201 0
-118 132 0
-119 209 0
-120 98 0
-126 140 0
-127 217 0
-128 106 0
-134 148 0
-135 225 0
-136 114 0
-142 156 0
-143 233 0
-144 122 0
-150 164 0
-151 241 0
-152 130 0
-158 172 0
-159 249 0
-160 138 0
-166 180 0
-167 257 0
-168 146 0
-174 188 0
-175 265 0
-176 154 0
-183 273 0
-184 162 0
-191 281 0
-192 170 0
-197 99 0
-198 212 0
-199 289 0
-205 107 0
-206 220 0
-207 297 0
-213 115 0
-214 228 0
-215 305 0
-216 194 0
-221 123 0
-222 236 0
-223 313 0
-224 202 0
-229 131 0
-230 244 0
-231 321 0
-232 210 0
-237 139 0
-238 252 0
-239 329 0
-240 218 0
-245 147 0
-246 260 0
-247 337 0
-248 226 0
-253 155 0
-254 268 0
-255 345 0
-256 234 0
-261 163 0
-262 276 0
-263 353 0
-264 242 0
-269 171 0
-270 284 0
-271 361 0
-272 250 0
-277 179 0
-279 369 0
-280 258 0
-285 187 0
-287 377 0
-288 266 0
-293 195 0
-294 308 0
-295 385 0
-301 203 0
-302 316 0
-303 393 0
-309 211 0
-310 324 0
-311 401 0
-312 290 0
-317 219 0
-318 332 0
-319 409 0
-320 298 0
-325 227 0
-326 340 0
-327 417 0
-328 306 0
-333 235 0
-334 348 0
-335 425 0
-336 314 0
-341 243 0
-342 356 0
-343 433 0
-344 322 0
-349 251 0
-350 364 0
-351 441 0
-352 330 0
-357 259 0
-358 372 0
-359 449 0
-360 338 0
-365 267 0
-366 380 0
-367 457 0
-368 346 0
-373 275 0
-375 465 0
-376 354 0
-381 283 0
-383 473 0
-384 362 0
-389 291 0
-390 404 0
-391 481 0
-397 299 0
-398 412 0
-399 489 0
-405 307 0
-406 420 0
-407 497 0
-408 386 0
-413 315 0
-414 428 0
-415 505 0
-416 394 0
-437 339 0
-438 452 0
-439 529 0
-440 418 0
-445 347 0
-446 460 0
-447 537 0
-448 426 0
-453 355 0
-454 468 0
-455 545 0
-456 434 0
-461 363 0
-462 476 0
-463 553 0
-464 442 0
-469 371 0
-471 561 0
-472 450 0
-477 379 0
-479 569 0
-480 458 0
-485 387 0
-486 500 0
-487 577 0
-493 395 0
-494 508 0
-495 585 0
-517 419 0
-518 532 0
-519 609 0
-520 498 0
-525 427 0
-526 540 0
-527 617 0
-528 506 0
-533 435 0
-534 548 0
-535 625 0
-536 514 0
-541 443 0
-542 556 0
-543 633 0
-544 522 0
-549 451 0
-550 564 0
-551 641 0
-552 530 0
-557 459 0
-558 572 0
-559 649 0
-560 538 0
-565 467 0
-567 657 0
-568 546 0
-573 475 0
-575 665 0
-576 554 0
-581 483 0
-582 596 0
-583 673 0
-589 491 0
-590 604 0
-591 681 0
-597 499 0
-598 612 0
-599 689 0
-600 578 0
-605 507 0
-606 620 0
-607 697 0
-608 586 0
-613 515 0
-614 628 0
-615 705 0
-616 594 0
-621 523 0
-622 636 0
-623 713 0
-624 602 0
-629 531 0
-630 644 0
-631 721 0
-632 610 0
-637 539 0
-638 652 0
-639 729 0
-640 618 0
-645 547 0
-646 660 0
-647 737 0
-648 626 0
-653 555 0
-654 668 0
-655 745 0
-656 634 0
-661 563 0
-663 753 0
-664 642 0
-669 571 0
-671 761 0
-672 650 0
-677 579 0
-678 692 0
-679 769 0
-685 587 0
-686 700 0
-687 777 0
-693 595 0
-694 708 0
-695 785 0
-696 674 0
-701 603 0
-702 716 0
-703 793 0
-704 682 0
-709 611 0
-710 724 0
-711 801 0
-712 690 0
-717 619 0
-718 732 0
-719 809 0
-720 698 0
-725 627 0
-726 740 0
-727 817 0
-728 706 0
-733 635 0
-734 748 0
-735 825 0
-736 714 0
-741 643 0
-742 756 0
-743 833 0
-744 722 0
-749 651 0
-750 764 0
-751 841 0
-752 730 0
-757 659 0
-759 849 0
-760 738 0
-765 667 0
-767 857 0
-768 746 0
-773 675 0
-774 788 0
-781 683 0
-782 796 0
-789 691 0
-790 804 0
-792 770 0
-797 699 0
-798 812 0
-800 778 0
-805 707 0
-806 820 0
-808 786 0
-813 715 0
-814 828 0
-816 794 0
-821 723 0
-822 836 0
-824 802 0
-829 731 0
-830 844 0
-832 810 0
-837 739 0
-838 852 0
-840 818 0
-845 747 0
-846 860 0
-848 826 0
-853 755 0
-856 834 0
-861 763 0
-864 842 0
-96 -101 2306 0
-96 -103 2307 0
-2306 2307 0
-96 -103 -2306 0
-97 -102 2308 0
-2307 2308 0
-97 -102 -2307 0
-97 -104 2309 0
-2308 2309 0
-97 -104 -2308 0
-98 -103 2310 0
-2309 2310 0
-98 -103 -2309 0
-98 -101 2311 0
-2310 2311 0
-98 -101 -2310 0
-99 -104 2312 0
-2311 2312 0
-99 -104 -2311 0
-99 -102 2313 0
-2312 2313 0
-99 -102 -2312 0
-112 -117 2314 0
-2313 2314 0
-112 -117 -2313 0
-112 -119 2315 0
-2314 2315 0
-112 -119 -2314 0
-113 -118 2316 0
-2315 2316 0
-113 -118 -2315 0
-113 -120 2317 0
-2316 2317 0
-113 -120 -2316 0
-114 -119 2318 0
-2317 2318 0
-114 -119 -2317 0
-114 -117 2319 0
-2318 2319 0
-114 -117 -2318 0
-115 -120 2320 0
-2319 2320 0
-115 -120 -2319 0
-115 -118 2321 0
-2320 2321 0
-115 -118 -2320 0
-128 -133 2322 0
-2321 2322 0
-128 -133 -2321 0
-128 -135 2323 0
-2322 2323 0
-128 -135 -2322 0
-129 -134 2324 0
-2323 2324 0
-129 -134 -2323 0
-129 -136 2325 0
-2324 2325 0
-129 -136 -2324 0
-130 -135 2326 0
-2325 2326 0
-130 -135 -2325 0
-130 -133 2327 0
-2326 2327 0
-130 -133 -2326 0
-131 -136 2328 0
-2327 2328 0
-131 -136 -2327 0
-131 -134 2329 0
-2328 2329 0
-131 -134 -2328 0
-144 -149 2330 0
-2329 2330 0
-144 -149 -2329 0
-144 -151 2331 0
-2330 2331 0
-144 -151 -2330 0
-145 -150 2332 0
-2331 2332 0
-145 -150 -2331 0
-145 -152 2333 0
-2332 2333 0
-145 -152 -2332 0
-146 -151 2334 0
-2333 2334 0
-146 -151 -2333 0
-146 -149 2335 0
-2334 2335 0
-146 -149 -2334 0
-147 -152 2336 0
-2335 2336 0
-147 -152 -2335 0
-147 -150 2337 0
-2336 2337 0
-147 -150 -2336 0
-160 -165 2338 0
-2337 2338 0
-160 -165 -2337 0
-160 -167 2339 0
-2338 2339 0
-160 -167 -2338 0
-161 -166 2340 0
-2339 2340 0
-161 -166 -2339 0
-161 -168 2341 0
-2340 2341 0
-161 -168 -2340 0
-162 -167 2342 0
-2341 2342 0
-162 -167 -2341 0
-162 -165 2343 0
-2342 2343 0
-162 -165 -2342 0
-163 -168 2344 0
-2343 2344 0
-163 -168 -2343 0
-163 -166 2345 0
-2344 2345 0
-163 -166 -2344 0
-176 -181 2346 0
-2345 2346 0
-176 -181 -2345 0
-176 -183 2347 0
-2346 2347 0
-176 -183 -2346 0
-177 -182 2348 0
-2347 2348 0
-177 -182 -2347 0
-177 -184 2349 0
-2348 2349 0
-177 -184 -2348 0
-178 -183 2350 0
-2349 2350 0
-178 -183 -2349 0
-178 -181 2351 0
-2350 2351 0
-178 -181 -2350 0
-179 -184 2352 0
-2351 2352 0
-179 -184 -2351 0
-179 -182 2353 0
-2352 2353 0
-179 -182 -2352 0
-192 -197 2354 0
-2353 2354 0
-192 -197 -2353 0
-192 -199 2355 0
-2354 2355 0
-192 -199 -2354 0
-193 -198 2356 0
-2355 2356 0
-193 -198 -2355 0
-193 -200 2357 0
-2356 2357 0
-193 -200 -2356 0
-194 -199 2358 0
-2357 2358 0
-194 -199 -2357 0
-194 -197 2359 0
-2358 2359 0
-194 -197 -2358 0
-195 -200 2360 0
-2359 2360 0
-195 -200 -2359 0
-195 -198 2361 0
-2360 2361 0
-195 -198 -2360 0
-208 -213 2362 0
-2361 2362 0
-208 -213 -2361 0
-208 -215 2363 0
-2362 2363 0
-208 -215 -2362 0
-209 -214 2364 0
-2363 2364 0
-209 -214 -2363 0
-209 -216 2365 0
-2364 2365 0
-209 -216 -2364 0
-210 -215 2366 0
-2365 2366 0
-210 -215 -2365 0
-210 -213 2367 0
-2366 2367 0
-210 -213 -2366 0
-211 -216 2368 0
-2367 2368 0
-211 -216 -2367 0
-211 -214 2369 0
-2368 2369 0
-211 -214 -2368 0
-224 -229 2370 0
-2369 2370 0
-224 -229 -2369 0
-224 -231 2371 0
-2370 2371 0
-224 -231 -2370 0
-225 -230 2372 0
-2371 2372 0
-225 -230 -2371 0
-225 -232 2373 0
-2372 2373 0
-225 -232 -2372 0
-226 -231 2374 0
-2373 2374 0
-226 -231 -2373 0
-226 -229 2375 0
-2374 2375 0
-226 -229 -2374 0
-227 -232 2376 0
-2375 2376 0
-227 -232 -2375 0
-227 -230 2377 0
-2376 2377 0
-227 -230 -2376 0
-240 -245 2378 0
-2377 2378 0
-240 -245 -2377 0
-240 -247 2379 0
-2378 2379 0
-240 -247 -2378 0
-241 -246 2380 0
-2379 2380 0
-241 -246 -2379 0
-241 -248 2381 0
-2380 2381 0
-241 -248 -2380 0
-242 -247 2382 0
-2381 2382 0
-242 -247 -2381 0
-242 -245 2383 0
-2382 2383 0
-242 -245 -2382 0
-243 -248 2384 0
-2383 2384 0
-243 -248 -2383 0
-243 -246 2385 0
-2384 2385 0
-243 -246 -2384 0
-256 -261 2386 0
-2385 2386 0
-256 -261 -2385 0
-256 -263 2387 0
-2386 2387 0
-256 -263 -2386 0
-257 -262 2388 0
-2387 2388 0
-257 -262 -2387 0
-257 -264 2389 0
-2388 2389 0
-257 -264 -2388 0
-258 -263 2390 0
-2389 2390 0
-258 -263 -2389 0
-258 -261 2391 0
-2390 2391 0
-258 -261 -2390 0
-259 -264 2392 0
-2391 2392 0
-259 -264 -2391 0
-259 -262 2393 0
-2392 2393 0
-259 -262 -2392 0
-272 -277 2394 0
-2393 2394 0
-272 -277 -2393 0
-272 -279 2395 0
-2394 2395 0
-272 -279 -2394 0
-273 -278 2396 0
-2395 2396 0
-273 -278 -2395 0
-273 -280 2397 0
-2396 2397 0
-273 -280 -2396 0
-274 -279 2398 0
-2397 2398 0
-274 -279 -2397 0
-274 -277 2399 0
-2398 2399 0
-274 -277 -2398 0
-275 -280 2400 0
-2399 2400 0
-275 -280 -2399 0
-275 -278 2401 0
-2400 2401 0
-275 -278 -2400 0
-288 -293 2402 0
-2401 2402 0
-288 -293 -2401 0
-288 -295 2403 0
-2402 2403 0
-288 -295 -2402 0
-289 -294 2404 0
-2403 2404 0
-289 -294 -2403 0
-289 -296 2405 0
-2404 2405 0
-289 -296 -2404 0
-290 -295 2406 0
-2405 2406 0
-290 -295 -2405 0
-290 -293 2407 0
-2406 2407 0
-290 -293 -2406 0
-291 -296 2408 0
-2407 2408 0
-291 -296 -2407 0
-291 -294 2409 0
-2408 2409 0
-291 -294 -2408 0
-304 -309 2410 0
-2409 2410 0
-304 -309 -2409 0
-304 -311 2411 0
-2410 2411 0
-304 -311 -2410 0
-305 -310 2412 0
-2411 2412 0
-305 -310 -2411 0
-305 -312 2413 0
-2412 2413 0
-305 -312 -2412 0
-306 -311 2414 0
-2413 2414 0
-306 -311 -2413 0
-306 -309 2415 0
-2414 2415 0
-306 -309 -2414 0
-307 -312 2416 0
-2415 2416 0
-307 -312 -2415 0
-307 -310 2417 0
-2416 2417 0
-307 -310 -2416 0
-320 -325 2418 0
-2417 2418 0
-320 -325 -2417 0
-320 -327 2419 0
-2418 2419 0
-320 -327 -2418 0
-321 -326 2420 0
-2419 2420 0
-321 -326 -2419 0
-321 -328 2421 0
-2420 2421 0
-321 -328 -2420 0
-322 -327 2422 0
-2421 2422 0
-322 -327 -2421 0
-322 -325 2423 0
-2422 2423 0
-322 -325 -2422 0
-323 -328 2424 0
-2423 2424 0
-323 -328 -2423 0
-323 -326 2425 0
-2424 2425 0
-323 -326 -2424 0
-336 -341 2426 0
-2425 2426 0
-336 -341 -2425 0
-336 -343 2427 0
-2426 2427 0
-336 -343 -2426 0
-337 -342 2428 0
-2427 2428 0
-337 -342 -2427 0
-337 -344 2429 0
-2428 2429 0
-337 -344 -2428 0
-338 -343 2430 0
-2429 2430 0
-338 -343 -2429 0
-338 -341 2431 0
-2430 2431 0
-338 -341 -2430 0
-339 -344 2432 0
-2431 2432 0
-339 -344 -2431 0
-339 -342 2433 0
-2432 2433 0
-339 -342 -2432 0
-352 -357 2434 0
-2433 2434 0
-352 -357 -2433 0
-352 -359 2435 0
-2434 2435 0
-352 -359 -2434 0
-353 -358 2436 0
-2435 2436 0
-353 -358 -2435 0
-353 -360 2437 0
-2436 2437 0
-353 -360 -2436 0
-354 -359 2438 0
-2437 2438 0
-354 -359 -2437 0
-354 -357 2439 0
-2438 2439 0
-354 -357 -2438 0
-355 -360 2440 0
-2439 2440 0
-355 -360 -2439 0
-355 -358 2441 0
-2440 2441 0
-355 -358 -2440 0
-368 -373 2442 0
-2441 2442 0
-368 -373 -2441 0
-368 -375 2443 0
-2442 2443 0
-368 -375 -2442 0
-369 -374 2444 0
-2443 2444 0
-369 -374 -2443 0
-369 -376 2445 0
-2444 2445 0
-369 -376 -2444 0
-370 -375 2446 0
-2445 2446 0
-370 -375 -2445 0
-370 -373 2447 0
-2446 2447 0
-370 -373 -2446 0
-371 -376 2448 0
-2447 2448 0
-371 -376 -2447 0
-371 -374 2449 0
-2448 2449 0
-371 -374 -2448 0
-384 -389 2450 0
-2449 2450 0
-384 -389 -2449 0
-384 -391 2451 0
-2450 2451 0
-384 -391 -2450 0
-385 -390 2452 0
-2451 2452 0
-385 -390 -2451 0
-385 -392 2453 0
-2452 2453 0
-385 -392 -2452 0
-386 -391 2454 0
-2453 2454 0
-386 -391 -2453 0
-386 -389 2455 0
-2454 2455 0
-386 -389 -2454 0
-387 -392 2456 0
-2455 2456 0
-387 -392 -2455 0
-387 -390 2457 0
-2456 2457 0
-387 -390 -2456 0
-400 -405 2458 0
-2457 2458 0
-400 -405 -2457 0
-400 -407 2459 0
-2458 2459 0
-400 -407 -2458 0
-401 -406 2460 0
-2459 2460 0
-401 -406 -2459 0
-401 -408 2461 0
-2460 2461 0
-401 -408 -2460 0
-402 -407 2462 0
-2461 2462 0
-402 -407 -2461 0
-402 -405 2463 0
-2462 2463 0
-402 -405 -2462 0
-403 -408 2464 0
-2463 2464 0
-403 -408 -2463 0
-403 -406 2465 0
-2464 2465 0
-403 -406 -2464 0
-416 -421 2466 0
-2465 2466 0
-416 -421 -2465 0
-416 -423 2467 0
-2466 2467 0
-416 -423 -2466 0
-417 -422 2468 0
-2467 2468 0
-417 -422 -2467 0
-417 -424 2469 0
-2468 2469 0
-417 -424 -2468 0
-418 -423 2470 0
-2469 2470 0
-418 -423 -2469 0
-418 -421 2471 0
-2470 2471 0
-418 -421 -2470 0
-419 -424 2472 0
-2471 2472 0
-419 -424 -2471 0
-419 -422 2473 0
-2472 2473 0
-419 -422 -2472 0
-432 -437 2474 0
-2473 2474 0
-432 -437 -2473 0
-432 -439 2475 0
-2474 2475 0
-432 -439 -2474 0
-433 -438 2476 0
-2475 2476 0
-433 -438 -2475 0
-433 -440 2477 0
-2476 2477 0
-433 -440 -2476 0
-434 -439 2478 0
-2477 2478 0
-434 -439 -2477 0
-434 -437 2479 0
-2478 2479 0
-434 -437 -2478 0
-435 -440 2480 0
-2479 2480 0
-435 -440 -2479 0
-435 -438 2481 0
-2480 2481 0
-435 -438 -2480 0
-448 -453 2482 0
-2481 2482 0
-448 -453 -2481 0
-448 -455 2483 0
-2482 2483 0
-448 -455 -2482 0
-449 -454 2484 0
-2483 2484 0
-449 -454 -2483 0
-449 -456 2485 0
-2484 2485 0
-449 -456 -2484 0
-450 -455 2486 0
-2485 2486 0
-450 -455 -2485 0
-450 -453 2487 0
-2486 2487 0
-450 -453 -2486 0
-451 -456 2488 0
-2487 2488 0
-451 -456 -2487 0
-451 -454 2489 0
-2488 2489 0
-451 -454 -2488 0
-464 -469 2490 0
-2489 2490 0
-464 -469 -2489 0
-464 -471 2491 0
-2490 2491 0
-464 -471 -2490 0
-465 -470 2492 0
-2491 2492 0
-465 -470 -2491 0
-465 -472 2493 0
-2492 2493 0
-465 -472 -2492 0
-466 -471 2494 0
-2493 2494 0
-466 -471 -2493 0
-466 -469 2495 0
-2494 2495 0
-466 -469 -2494 0
-467 -472 2496 0
-2495 2496 0
-467 -472 -2495 0
-467 -470 2497 0
-2496 2497 0
-467 -470 -2496 0
-480 -485 2498 0
-2497 2498 0
-480 -485 -2497 0
-480 -487 2499 0
-2498 2499 0
-480 -487 -2498 0
-481 -486 2500 0
-2499 2500 0
-481 -486 -2499 0
-481 -488 2501 0
-2500 2501 0
-481 -488 -2500 0
-482 -487 2502 0
-2501 2502 0
-482 -487 -2501 0
-482 -485 2503 0
-2502 2503 0
-482 -485 -2502 0
-483 -488 2504 0
-2503 2504 0
-483 -488 -2503 0
-483 -486 2505 0
-2504 2505 0
-483 -486 -2504 0
-496 -501 2506 0
-2505 2506 0
-496 -501 -2505 0
-496 -503 2507 0
-2506 2507 0
-496 -503 -2506 0
-497 -502 2508 0
-2507 2508 0
-497 -502 -2507 0
-497 -504 2509 0
-2508 2509 0
-497 -504 -2508 0
-498 -503 2510 0
-2509 2510 0
-498 -503 -2509 0
-498 -501 2511 0
-2510 2511 0
-498 -501 -2510 0
-499 -504 2512 0
-2511 2512 0
-499 -504 -2511 0
-499 -502 2513 0
-2512 2513 0
-499 -502 -2512 0
-512 -517 2514 0
-2513 2514 0
-512 -517 -2513 0
-512 -519 2515 0
-2514 2515 0
-512 -519 -2514 0
-513 -518 2516 0
-2515 2516 0
-513 -518 -2515 0
-513 -520 2517 0
-2516 2517 0
-513 -520 -2516 0
-514 -519 2518 0
-2517 2518 0
-514 -519 -2517 0
-514 -517 2519 0
-2518 2519 0
-514 -517 -2518 0
-515 -520 2520 0
-2519 2520 0
-515 -520 -2519 0
-515 -518 2521 0
-2520 2521 0
-515 -518 -2520 0
-528 -533 2522 0
-2521 2522 0
-528 -533 -2521 0
-528 -535 2523 0
-2522 2523 0
-528 -535 -2522 0
-529 -534 2524 0
-2523 2524 0
-529 -534 -2523 0
-529 -536 2525 0
-2524 2525 0
-529 -536 -2524 0
-530 -535 2526 0
-2525 2526 0
-530 -535 -2525 0
-530 -533 2527 0
-2526 2527 0
-530 -533 -2526 0
-531 -536 2528 0
-2527 2528 0
-531 -536 -2527 0
-531 -534 2529 0
-2528 2529 0
-531 -534 -2528 0
-544 -549 2530 0
-2529 2530 0
-544 -549 -2529 0
-544 -551 2531 0
-2530 2531 0
-544 -551 -2530 0
-545 -550 2532 0
-2531 2532 0
-545 -550 -2531 0
-545 -552 2533 0
-2532 2533 0
-545 -552 -2532 0
-546 -551 2534 0
-2533 2534 0
-546 -551 -2533 0
-546 -549 2535 0
-2534 2535 0
-546 -549 -2534 0
-547 -552 2536 0
-2535 2536 0
-547 -552 -2535 0
-547 -550 2537 0
-2536 2537 0
-547 -550 -2536 0
-560 -565 2538 0
-2537 2538 0
-560 -565 -2537 0
-560 -567 2539 0
-2538 2539 0
-560 -567 -2538 0
-561 -566 2540 0
-2539 2540 0
-561 -566 -2539 0
-561 -568 2541 0
-2540 2541 0
-561 -568 -2540 0
-562 -567 2542 0
-2541 2542 0
-562 -567 -2541 0
-562 -565 2543 0
-2542 2543 0
-562 -565 -2542 0
-563 -568 2544 0
-2543 2544 0
-563 -568 -2543 0
-563 -566 2545 0
-2544 2545 0
-563 -566 -2544 0
-576 -581 2546 0
-2545 2546 0
-576 -581 -2545 0
-576 -583 2547 0
-2546 2547 0
-576 -583 -2546 0
-577 -582 2548 0
-2547 2548 0
-577 -582 -2547 0
-577 -584 2549 0
-2548 2549 0
-577 -584 -2548 0
-578 -583 2550 0
-2549 2550 0
-578 -583 -2549 0
-578 -581 2551 0
-2550 2551 0
-578 -581 -2550 0
-579 -584 2552 0
-2551 2552 0
-579 -584 -2551 0
-579 -582 2553 0
-2552 2553 0
-579 -582 -2552 0
-592 -597 2554 0
-2553 2554 0
-592 -597 -2553 0
-592 -599 2555 0
-2554 2555 0
-592 -599 -2554 0
-593 -598 2556 0
-2555 2556 0
-593 -598 -2555 0
-593 -600 2557 0
-2556 2557 0
-593 -600 -2556 0
-594 -599 2558 0
-2557 2558 0
-594 -599 -2557 0
-594 -597 2559 0
-2558 2559 0
-594 -597 -2558 0
-595 -600 2560 0
-2559 2560 0
-595 -600 -2559 0
-595 -598 2561 0
-2560 2561 0
-595 -598 -2560 0
-608 -613 2562 0
-2561 2562 0
-608 -613 -2561 0
-608 -615 2563 0
-2562 2563 0
-608 -615 -2562 0
-609 -614 2564 0
-2563 2564 0
-609 -614 -2563 0
-609 -616 2565 0
-2564 2565 0
-609 -616 -2564 0
-610 -615 2566 0
-2565 2566 0
-610 -615 -2565 0
-610 -613 2567 0
-2566 2567 0
-610 -613 -2566 0
-611 -616 2568 0
-2567 2568 0
-611 -616 -2567 0
-611 -614 2569 0
-2568 2569 0
-611 -614 -2568 0
-624 -629 2570 0
-2569 2570 0
-624 -629 -2569 0
-624 -631 2571 0
-2570 2571 0
-624 -631 -2570 0
-625 -630 2572 0
-2571 2572 0
-625 -630 -2571 0
-625 -632 2573 0
-2572 2573 0
-625 -632 -2572 0
-626 -631 2574 0
-2573 2574 0
-626 -631 -2573 0
-626 -629 2575 0
-2574 2575 0
-626 -629 -2574 0
-627 -632 2576 0
-2575 2576 0
-627 -632 -2575 0
-627 -630 2577 0
-2576 2577 0
-627 -630 -2576 0
-640 -645 2578 0
-2577 2578 0
-640 -645 -2577 0
-640 -647 2579 0
-2578 2579 0
-640 -647 -2578 0
-641 -646 2580 0
-2579 2580 0
-641 -646 -2579 0
-641 -648 2581 0
-2580 2581 0
-641 -648 -2580 0
-642 -647 2582 0
-2581 2582 0
-642 -647 -2581 0
-642 -645 2583 0
-2582 2583 0
-642 -645 -2582 0
-643 -648 2584 0
-2583 2584 0
-643 -648 -2583 0
-643 -646 2585 0
-2584 2585 0
-643 -646 -2584 0
-656 -661 2586 0
-2585 2586 0
-656 -661 -2585 0
-656 -663 2587 0
-2586 2587 0
-656 -663 -2586 0
-657 -662 2588 0
-2587 2588 0
-657 -662 -2587 0
-657 -664 2589 0
-2588 2589 0
-657 -664 -2588 0
-658 -663 2590 0
-2589 2590 0
-658 -663 -2589 0
-658 -661 2591 0
-2590 2591 0
-658 -661 -2590 0
-659 -664 2592 0
-2591 2592 0
-659 -664 -2591 0
-659 -662 2593 0
-2592 2593 0
-659 -662 -2592 0
-672 -677 2594 0
-2593 2594 0
-672 -677 -2593 0
-672 -679 2595 0
-2594 2595 0
-672 -679 -2594 0
-673 -678 2596 0
-2595 2596 0
-673 -678 -2595 0
-673 -680 2597 0
-2596 2597 0
-673 -680 -2596 0
-674 -679 2598 0
-2597 2598 0
-674 -679 -2597 0
-674 -677 2599 0
-2598 2599 0
-674 -677 -2598 0
-675 -680 2600 0
-2599 2600 0
-675 -680 -2599 0
-675 -678 2601 0
-2600 2601 0
-675 -678 -2600 0
-688 -693 2602 0
-2601 2602 0
-688 -693 -2601 0
-688 -695 2603 0
-2602 2603 0
-688 -695 -2602 0
-689 -694 2604 0
-2603 2604 0
-689 -694 -2603 0
-689 -696 2605 0
-2604 2605 0
-689 -696 -2604 0
-690 -695 2606 0
-2605 2606 0
-690 -695 -2605 0
-690 -693 2607 0
-2606 2607 0
-690 -693 -2606 0
-691 -696 2608 0
-2607 2608 0
-691 -696 -2607 0
-691 -694 2609 0
-2608 2609 0
-691 -694 -2608 0
-704 -709 2610 0
-2609 2610 0
-704 -709 -2609 0
-704 -711 2611 0
-2610 2611 0
-704 -711 -2610 0
-705 -710 2612 0
-2611 2612 0
-705 -710 -2611 0
-705 -712 2613 0
-2612 2613 0
-705 -712 -2612 0
-706 -711 2614 0
-2613 2614 0
-706 -711 -2613 0
-706 -709 2615 0
-2614 2615 0
-706 -709 -2614 0
-707 -712 2616 0
-2615 2616 0
-707 -712 -2615 0
-707 -710 2617 0
-2616 2617 0
-707 -710 -2616 0
-720 -725 2618 0
-2617 2618 0
-720 -725 -2617 0
-720 -727 2619 0
-2618 2619 0
-720 -727 -2618 0
-721 -726 2620 0
-2619 2620 0
-721 -726 -2619 0
-721 -728 2621 0
-2620 2621 0
-721 -728 -2620 0
-722 -727 2622 0
-2621 2622 0
-722 -727 -2621 0
-722 -725 2623 0
-2622 2623 0
-722 -725 -2622 0
-723 -728 2624 0
-2623 2624 0
-723 -728 -2623 0
-723 -726 2625 0
-2624 2625 0
-723 -726 -2624 0
-736 -741 2626 0
-2625 2626 0
-736 -741 -2625 0
-736 -743 2627 0
-2626 2627 0
-736 -743 -2626 0
-737 -742 2628 0
-2627 2628 0
-737 -742 -2627 0
-737 -744 2629 0
-2628 2629 0
-737 -744 -2628 0
-738 -743 2630 0
-2629 2630 0
-738 -743 -2629 0
-738 -741 2631 0
-2630 2631 0
-738 -741 -2630 0
-739 -744 2632 0
-2631 2632 0
-739 -744 -2631 0
-739 -742 2633 0
-2632 2633 0
-739 -742 -2632 0
-752 -757 2634 0
-2633 2634 0
-752 -757 -2633 0
-752 -759 2635 0
-2634 2635 0
-752 -759 -2634 0
-753 -758 2636 0
-2635 2636 0
-753 -758 -2635 0
-753 -760 2637 0
-2636 2637 0
-753 -760 -2636 0
-754 -759 2638 0
-2637 2638 0
-754 -759 -2637 0
-754 -757 2639 0
-2638 2639 0
-754 -757 -2638 0
-755 -760 2640 0
-2639 2640 0
-755 -760 -2639 0
-755 -758 2641 0
-2640 2641 0
-755 -758 -2640 0
-768 -773 2642 0
-2641 2642 0
-768 -773 -2641 0
-768 -775 2643 0
-2642 2643 0
-768 -775 -2642 0
-769 -774 2644 0
-2643 2644 0
-769 -774 -2643 0
-769 -776 2645 0
-2644 2645 0
-769 -776 -2644 0
-770 -775 2646 0
-2645 2646 0
-770 -775 -2645 0
-770 -773 2647 0
-2646 2647 0
-770 -773 -2646 0
-771 -776 2648 0
-2647 2648 0
-771 -776 -2647 0
-771 -774 2649 0
-2648 2649 0
-771 -774 -2648 0
-784 -789 2650 0
-2649 2650 0
-784 -789 -2649 0
-784 -791 2651 0
-2650 2651 0
-784 -791 -2650 0
-785 -790 2652 0
-2651 2652 0
-785 -790 -2651 0
-785 -792 2653 0
-2652 2653 0
-785 -792 -2652 0
-786 -791 2654 0
-2653 2654 0
-786 -791 -2653 0
-786 -789 2655 0
-2654 2655 0
-786 -789 -2654 0
-787 -792 2656 0
-2655 2656 0
-787 -792 -2655 0
-787 -790 2657 0
-2656 2657 0
-787 -790 -2656 0
-800 -805 2658 0
-2657 2658 0
-800 -805 -2657 0
-800 -807 2659 0
-2658 2659 0
-800 -807 -2658 0
-801 -806 2660 0
-2659 2660 0
-801 -806 -2659 0
-801 -808 2661 0
-2660 2661 0
-801 -808 -2660 0
-802 -807 2662 0
-2661 2662 0
-802 -807 -2661 0
-802 -805 2663 0
-2662 2663 0
-802 -805 -2662 0
-803 -808 2664 0
-2663 2664 0
-803 -808 -2663 0
-803 -806 2665 0
-2664 2665 0
-803 -806 -2664 0
-816 -821 2666 0
-2665 2666 0
-816 -821 -2665 0
-816 -823 2667 0
-2666 2667 0
-816 -823 -2666 0
-817 -822 2668 0
-2667 2668 0
-817 -822 -2667 0
-817 -824 2669 0
-2668 2669 0
-817 -824 -2668 0
-818 -823 2670 0
-2669 2670 0
-818 -823 -2669 0
-818 -821 2671 0
-2670 2671 0
-818 -821 -2670 0
-819 -824 2672 0
-2671 2672 0
-819 -824 -2671 0
-819 -822 2673 0
-2672 2673 0
-819 -822 -2672 0
-832 -837 2674 0
-2673 2674 0
-832 -837 -2673 0
-832 -839 2675 0
-2674 2675 0
-832 -839 -2674 0
-833 -838 2676 0
-2675 2676 0
-833 -838 -2675 0
-833 -840 2677 0
-2676 2677 0
-833 -840 -2676 0
-834 -839 2678 0
-2677 2678 0
-834 -839 -2677 0
-834 -837 2679 0
-2678 2679 0
-834 -837 -2678 0
-835 -840 2680 0
-2679 2680 0
-835 -840 -2679 0
-835 -838 2681 0
-2680 2681 0
-835 -838 -2680 0
-848 -853 2682 0
-2681 2682 0
-848 -853 -2681 0
-848 -855 2683 0
-2682 2683 0
-848 -855 -2682 0
-849 -854 2684 0
-2683 2684 0
-849 -854 -2683 0
-849 -856 2685 0
-2684 2685 0
-849 -856 -2684 0
-850 -855 2686 0
-2685 2686 0
-850 -855 -2685 0
-850 -853 2687 0
-2686 2687 0
-850 -853 -2686 0
-851 -856 2688 0
-2687 2688 0
-851 -856 -2687 0
-851 -854 -2688 0
-104 -109 3074 0
-104 -111 3075 0
-3074 3075 0
-104 -111 -3074 0
-105 -110 3076 0
-3075 3076 0
-105 -110 -3075 0
-105 -112 3077 0
-3076 3077 0
-105 -112 -3076 0
-106 -111 3078 0
-3077 3078 0
-106 -111 -3077 0
-106 -109 3079 0
-3078 3079 0
-106 -109 -3078 0
-107 -112 3080 0
-3079 3080 0
-107 -112 -3079 0
-107 -110 3081 0
-3080 3081 0
-107 -110 -3080 0
-120 -125 3082 0
-3081 3082 0
-120 -125 -3081 0
-120 -127 3083 0
-3082 3083 0
-120 -127 -3082 0
-121 -126 3084 0
-3083 3084 0
-121 -126 -3083 0
-121 -128 3085 0
-3084 3085 0
-121 -128 -3084 0
-122 -127 3086 0
-3085 3086 0
-122 -127 -3085 0
-122 -125 3087 0
-3086 3087 0
-122 -125 -3086 0
-123 -128 3088 0
-3087 3088 0
-123 -128 -3087 0
-123 -126 3089 0
-3088 3089 0
-123 -126 -3088 0
-136 -141 3090 0
-3089 3090 0
-136 -141 -3089 0
-136 -143 3091 0
-3090 3091 0
-136 -143 -3090 0
-137 -142 3092 0
-3091 3092 0
-137 -142 -3091 0
-137 -144 3093 0
-3092 3093 0
-137 -144 -3092 0
-138 -143 3094 0
-3093 3094 0
-138 -143 -3093 0
-138 -141 3095 0
-3094 3095 0
-138 -141 -3094 0
-139 -144 3096 0
-3095 3096 0
-139 -144 -3095 0
-139 -142 3097 0
-3096 3097 0
-139 -142 -3096 0
-152 -157 3098 0
-3097 3098 0
-152 -157 -3097 0
-152 -159 3099 0
-3098 3099 0
-152 -159 -3098 0
-153 -158 3100 0
-3099 3100 0
-153 -158 -3099 0
-153 -160 3101 0
-3100 3101 0
-153 -160 -3100 0
-154 -159 3102 0
-3101 3102 0
-154 -159 -3101 0
-154 -157 3103 0
-3102 3103 0
-154 -157 -3102 0
-155 -160 3104 0
-3103 3104 0
-155 -160 -3103 0
-155 -158 3105 0
-3104 3105 0
-155 -158 -3104 0
-168 -173 3106 0
-3105 3106 0
-168 -173 -3105 0
-168 -175 3107 0
-3106 3107 0
-168 -175 -3106 0
-169 -174 3108 0
-3107 3108 0
-169 -174 -3107 0
-169 -176 3109 0
-3108 3109 0
-169 -176 -3108 0
-170 -175 3110 0
-3109 3110 0
-170 -175 -3109 0
-170 -173 3111 0
-3110 3111 0
-170 -173 -3110 0
-171 -176 3112 0
-3111 3112 0
-171 -176 -3111 0
-171 -174 3113 0
-3112 3113 0
-171 -174 -3112 0
-184 -189 3114 0
-3113 3114 0
-184 -189 -3113 0
-184 -191 3115 0
-3114 3115 0
-184 -191 -3114 0
-185 -190 3116 0
-3115 3116 0
-185 -190 -3115 0
-185 -192 3117 0
-3116 3117 0
-185 -192 -3116 0
-186 -191 3118 0
-3117 3118 0
-186 -191 -3117 0
-186 -189 3119 0
-3118 3119 0
-186 -189 -3118 0
-187 -192 3120 0
-3119 3120 0
-187 -192 -3119 0
-187 -190 3121 0
-3120 3121 0
-187 -190 -3120 0
-200 -205 3122 0
-3121 3122 0
-200 -205 -3121 0
-200 -207 3123 0
-3122 3123 0
-200 -207 -3122 0
-201 -206 3124 0
-3123 3124 0
-201 -206 -3123 0
-201 -208 3125 0
-3124 3125 0
-201 -208 -3124 0
-202 -207 3126 0
-3125 3126 0
-202 -207 -3125 0
-202 -205 3127 0
-3126 3127 0
-202 -205 -3126 0
-203 -208 3128 0
-3127 3128 0
-203 -208 -3127 0
-203 -206 3129 0
-3128 3129 0
-203 -206 -3128 0
-216 -221 3130 0
-3129 3130 0
-216 -221 -3129 0
-216 -223 3131 0
-3130 3131 0
-216 -223 -3130 0
-217 -222 3132 0
-3131 3132 0
-217 -222 -3131 0
-217 -224 3133 0
-3132 3133 0
-217 -224 -3132 0
-218 -223 3134 0
-3133 3134 0
-218 -223 -3133 0
-218 -221 3135 0
-3134 3135 0
-218 -221 -3134 0
-219 -224 3136 0
-3135 3136 0
-219 -224 -3135 0
-219 -222 3137 0
-3136 3137 0
-219 -222 -3136 0
-232 -237 3138 0
-3137 3138 0
-232 -237 -3137 0
-232 -239 3139 0
-3138 3139 0
-232 -239 -3138 0
-233 -238 3140 0
-3139 3140 0
-233 -238 -3139 0
-233 -240 3141 0
-3140 3141 0
-233 -240 -3140 0
-234 -239 3142 0
-3141 3142 0
-234 -239 -3141 0
-234 -237 3143 0
-3142 3143 0
-234 -237 -3142 0
-235 -240 3144 0
-3143 3144 0
-235 -240 -3143 0
-235 -238 3145 0
-3144 3145 0
-235 -238 -3144 0
-248 -253 3146 0
-3145 3146 0
-248 -253 -3145 0
-248 -255 3147 0
-3146 3147 0
-248 -255 -3146 0
-249 -254 3148 0
-3147 3148 0
-249 -254 -3147 0
-249 -256 3149 0
-3148 3149 0
-249 -256 -3148 0
-250 -255 3150 0
-3149 3150 0
-250 -255 -3149 0
-250 -253 3151 0
-3150 3151 0
-250 -253 -3150 0
-251 -256 3152 0
-3151 3152 0
-251 -256 -3151 0
-251 -254 3153 0
-3152 3153 0
-251 -254 -3152 0
-264 -269 3154 0
-3153 3154 0
-264 -269 -3153 0
-264 -271 3155 0
-3154 3155 0
-264 -271 -3154 0
-265 -270 3156 0
-3155 3156 0
-265 -270 -3155 0
-265 -272 3157 0
-3156 3157 0
-265 -272 -3156 0
-266 -271 3158 0
-3157 3158 0
-266 -271 -3157 0
-266 -269 3159 0
-3158 3159 0
-266 -269 -3158 0
-267 -272 3160 0
-3159 3160 0
-267 -272 -3159 0
-267 -270 3161 0
-3160 3161 0
-267 -270 -3160 0
-280 -285 3162 0
-3161 3162 0
-280 -285 -3161 0
-280 -287 3163 0
-3162 3163 0
-280 -287 -3162 0
-281 -286 3164 0
-3163 3164 0
-281 -286 -3163 0
-281 -288 3165 0
-3164 3165 0
-281 -288 -3164 0
-282 -287 3166 0
-3165 3166 0
-282 -287 -3165 0
-282 -285 3167 0
-3166 3167 0
-282 -285 -3166 0
-283 -288 3168 0
-3167 3168 0
-283 -288 -3167 0
-283 -286 3169 0
-3168 3169 0
-283 -286 -3168 0
-296 -301 3170 0
-3169 3170 0
-296 -301 -3169 0
-296 -303 3171 0
-3170 3171 0
-296 -303 -3170 0
-297 -302 3172 0
-3171 3172 0
-297 -302 -3171 0
-297 -304 3173 0
-3172 3173 0
-297 -304 -3172 0
-298 -303 3174 0
-3173 3174 0
-298 -303 -3173 0
-298 -301 3175 0
-3174 3175 0
-298 -301 -3174 0
-299 -304 3176 0
-3175 3176 0
-299 -304 -3175 0
-299 -302 3177 0
-3176 3177 0
-299 -302 -3176 0
-312 -317 3178 0
-3177 3178 0
-312 -317 -3177 0
-312 -319 3179 0
-3178 3179 0
-312 -319 -3178 0
-313 -318 3180 0
-3179 3180 0
-313 -318 -3179 0
-313 -320 3181 0
-3180 3181 0
-313 -320 -3180 0
-314 -319 3182 0
-3181 3182 0
-314 -319 -3181 0
-314 -317 3183 0
-3182 3183 0
-314 -317 -3182 0
-315 -320 3184 0
-3183 3184 0
-315 -320 -3183 0
-315 -318 3185 0
-3184 3185 0
-315 -318 -3184 0
-328 -333 3186 0
-3185 3186 0
-328 -333 -3185 0
-328 -335 3187 0
-3186 3187 0
-328 -335 -3186 0
-329 -334 3188 0
-3187 3188 0
-329 -334 -3187 0
-329 -336 3189 0
-3188 3189 0
-329 -336 -3188 0
-330 -335 3190 0
-3189 3190 0
-330 -335 -3189 0
-330 -333 3191 0
-3190 3191 0
-330 -333 -3190 0
-331 -336 3192 0
-3191 3192 0
-331 -336 -3191 0
-331 -334 3193 0
-3192 3193 0
-331 -334 -3192 0
-344 -349 3194 0
-3193 3194 0
-344 -349 -3193 0
-344 -351 3195 0
-3194 3195 0
-344 -351 -3194 0
-345 -350 3196 0
-3195 3196 0
-345 -350 -3195 0
-345 -352 3197 0
-3196 3197 0
-345 -352 -3196 0
-346 -351 3198 0
-3197 3198 0
-346 -351 -3197 0
-346 -349 3199 0
-3198 3199 0
-346 -349 -3198 0
-347 -352 3200 0
-3199 3200 0
-347 -352 -3199 0
-347 -350 3201 0
-3200 3201 0
-347 -350 -3200 0
-360 -365 3202 0
-3201 3202 0
-360 -365 -3201 0
-360 -367 3203 0
-3202 3203 0
-360 -367 -3202 0
-361 -366 3204 0
-3203 3204 0
-361 -366 -3203 0
-361 -368 3205 0
-3204 3205 0
-361 -368 -3204 0
-362 -367 3206 0
-3205 3206 0
-362 -367 -3205 0
-362 -365 3207 0
-3206 3207 0
-362 -365 -3206 0
-363 -368 3208 0
-3207 3208 0
-363 -368 -3207 0
-363 -366 3209 0
-3208 3209 0
-363 -366 -3208 0
-376 -381 3210 0
-3209 3210 0
-376 -381 -3209 0
-376 -383 3211 0
-3210 3211 0
-376 -383 -3210 0
-377 -382 3212 0
-3211 3212 0
-377 -382 -3211 0
-377 -384 3213 0
-3212 3213 0
-377 -384 -3212 0
-378 -383 3214 0
-3213 3214 0
-378 -383 -3213 0
-378 -381 3215 0
-3214 3215 0
-378 -381 -3214 0
-379 -384 3216 0
-3215 3216 0
-379 -384 -3215 0
-379 -382 3217 0
-3216 3217 0
-379 -382 -3216 0
-392 -397 3218 0
-3217 3218 0
-392 -397 -3217 0
-392 -399 3219 0
-3218 3219 0
-392 -399 -3218 0
-393 -398 3220 0
-3219 3220 0
-393 -398 -3219 0
-393 -400 3221 0
-3220 3221 0
-393 -400 -3220 0
-394 -399 3222 0
-3221 3222 0
-394 -399 -3221 0
-394 -397 3223 0
-3222 3223 0
-394 -397 -3222 0
-395 -400 3224 0
-3223 3224 0
-395 -400 -3223 0
-395 -398 3225 0
-3224 3225 0
-395 -398 -3224 0
-408 -413 3226 0
-3225 3226 0
-408 -413 -3225 0
-408 -415 3227 0
-3226 3227 0
-408 -415 -3226 0
-409 -414 3228 0
-3227 3228 0
-409 -414 -3227 0
-409 -416 3229 0
-3228 3229 0
-409 -416 -3228 0
-410 -415 3230 0
-3229 3230 0
-410 -415 -3229 0
-410 -413 3231 0
-3230 3231 0
-410 -413 -3230 0
-411 -416 3232 0
-3231 3232 0
-411 -416 -3231 0
-411 -414 3233 0
-3232 3233 0
-411 -414 -3232 0
-424 -429 3234 0
-3233 3234 0
-424 -429 -3233 0
-424 -431 3235 0
-3234 3235 0
-424 -431 -3234 0
-425 -430 3236 0
-3235 3236 0
-425 -430 -3235 0
-425 -432 3237 0
-3236 3237 0
-425 -432 -3236 0
-426 -431 3238 0
-3237 3238 0
-426 -431 -3237 0
-426 -429 3239 0
-3238 3239 0
-426 -429 -3238 0
-427 -432 3240 0
-3239 3240 0
-427 -432 -3239 0
-427 -430 3241 0
-3240 3241 0
-427 -430 -3240 0
-440 -445 3242 0
-3241 3242 0
-440 -445 -3241 0
-440 -447 3243 0
-3242 3243 0
-440 -447 -3242 0
-441 -446 3244 0
-3243 3244 0
-441 -446 -3243 0
-441 -448 3245 0
-3244 3245 0
-441 -448 -3244 0
-442 -447 3246 0
-3245 3246 0
-442 -447 -3245 0
-442 -445 3247 0
-3246 3247 0
-442 -445 -3246 0
-443 -448 3248 0
-3247 3248 0
-443 -448 -3247 0
-443 -446 3249 0
-3248 3249 0
-443 -446 -3248 0
-456 -461 3250 0
-3249 3250 0
-456 -461 -3249 0
-456 -463 3251 0
-3250 3251 0
-456 -463 -3250 0
-457 -462 3252 0
-3251 3252 0
-457 -462 -3251 0
-457 -464 3253 0
-3252 3253 0
-457 -464 -3252 0
-458 -463 3254 0
-3253 3254 0
-458 -463 -3253 0
-458 -461 3255 0
-3254 3255 0
-458 -461 -3254 0
-459 -464 3256 0
-3255 3256 0
-459 -464 -3255 0
-459 -462 3257 0
-3256 3257 0
-459 -462 -3256 0
-472 -477 3258 0
-3257 3258 0
-472 -477 -3257 0
-472 -479 3259 0
-3258 3259 0
-472 -479 -3258 0
-473 -478 3260 0
-3259 3260 0
-473 -478 -3259 0
-473 -480 3261 0
-3260 3261 0
-473 -480 -3260 0
-474 -479 3262 0
-3261 3262 0
-474 -479 -3261 0
-474 -477 3263 0
-3262 3263 0
-474 -477 -3262 0
-475 -480 3264 0
-3263 3264 0
-475 -480 -3263 0
-475 -478 3265 0
-3264 3265 0
-475 -478 -3264 0
-488 -493 3266 0
-3265 3266 0
-488 -493 -3265 0
-488 -495 3267 0
-3266 3267 0
-488 -495 -3266 0
-489 -494 3268 0
-3267 3268 0
-489 -494 -3267 0
-489 -496 3269 0
-3268 3269 0
-489 -496 -3268 0
-490 -495 3270 0
-3269 3270 0
-490 -495 -3269 0
-490 -493 3271 0
-3270 3271 0
-490 -493 -3270 0
-491 -496 3272 0
-3271 3272 0
-491 -496 -3271 0
-491 -494 3273 0
-3272 3273 0
-491 -494 -3272 0
-504 -509 3274 0
-3273 3274 0
-504 -509 -3273 0
-504 -511 3275 0
-3274 3275 0
-504 -511 -3274 0
-505 -510 3276 0
-3275 3276 0
-505 -510 -3275 0
-505 -512 3277 0
-3276 3277 0
-505 -512 -3276 0
-506 -511 3278 0
-3277 3278 0
-506 -511 -3277 0
-506 -509 3279 0
-3278 3279 0
-506 -509 -3278 0
-507 -512 3280 0
-3279 3280 0
-507 -512 -3279 0
-507 -510 3281 0
-3280 3281 0
-507 -510 -3280 0
-520 -525 3282 0
-3281 3282 0
-520 -525 -3281 0
-520 -527 3283 0
-3282 3283 0
-520 -527 -3282 0
-521 -526 3284 0
-3283 3284 0
-521 -526 -3283 0
-521 -528 3285 0
-3284 3285 0
-521 -528 -3284 0
-522 -527 3286 0
-3285 3286 0
-522 -527 -3285 0
-522 -525 3287 0
-3286 3287 0
-522 -525 -3286 0
-523 -528 3288 0
-3287 3288 0
-523 -528 -3287 0
-523 -526 3289 0
-3288 3289 0
-523 -526 -3288 0
-536 -541 3290 0
-3289 3290 0
-536 -541 -3289 0
-536 -543 3291 0
-3290 3291 0
-536 -543 -3290 0
-537 -542 3292 0
-3291 3292 0
-537 -542 -3291 0
-537 -544 3293 0
-3292 3293 0
-537 -544 -3292 0
-538 -543 3294 0
-3293 3294 0
-538 -543 -3293 0
-538 -541 3295 0
-3294 3295 0
-538 -541 -3294 0
-539 -544 3296 0
-3295 3296 0
-539 -544 -3295 0
-539 -542 3297 0
-3296 3297 0
-539 -542 -3296 0
-552 -557 3298 0
-3297 3298 0
-552 -557 -3297 0
-552 -559 3299 0
-3298 3299 0
-552 -559 -3298 0
-553 -558 3300 0
-3299 3300 0
-553 -558 -3299 0
-553 -560 3301 0
-3300 3301 0
-553 -560 -3300 0
-554 -559 3302 0
-3301 3302 0
-554 -559 -3301 0
-554 -557 3303 0
-3302 3303 0
-554 -557 -3302 0
-555 -560 3304 0
-3303 3304 0
-555 -560 -3303 0
-555 -558 3305 0
-3304 3305 0
-555 -558 -3304 0
-568 -573 3306 0
-3305 3306 0
-568 -573 -3305 0
-568 -575 3307 0
-3306 3307 0
-568 -575 -3306 0
-569 -574 3308 0
-3307 3308 0
-569 -574 -3307 0
-569 -576 3309 0
-3308 3309 0
-569 -576 -3308 0
-570 -575 3310 0
-3309 3310 0
-570 -575 -3309 0
-570 -573 3311 0
-3310 3311 0
-570 -573 -3310 0
-571 -576 3312 0
-3311 3312 0
-571 -576 -3311 0
-571 -574 3313 0
-3312 3313 0
-571 -574 -3312 0
-584 -589 3314 0
-3313 3314 0
-584 -589 -3313 0
-584 -591 3315 0
-3314 3315 0
-584 -591 -3314 0
-585 -590 3316 0
-3315 3316 0
-585 -590 -3315 0
-585 -592 3317 0
-3316 3317 0
-585 -592 -3316 0
-586 -591 3318 0
-3317 3318 0
-586 -591 -3317 0
-586 -589 3319 0
-3318 3319 0
-586 -589 -3318 0
-587 -592 3320 0
-3319 3320 0
-587 -592 -3319 0
-587 -590 3321 0
-3320 3321 0
-587 -590 -3320 0
-600 -605 3322 0
-3321 3322 0
-600 -605 -3321 0
-600 -607 3323 0
-3322 3323 0
-600 -607 -3322 0
-601 -606 3324 0
-3323 3324 0
-601 -606 -3323 0
-601 -608 3325 0
-3324 3325 0
-601 -608 -3324 0
-602 -607 3326 0
-3325 3326 0
-602 -607 -3325 0
-602 -605 3327 0
-3326 3327 0
-602 -605 -3326 0
-603 -608 3328 0
-3327 3328 0
-603 -608 -3327 0
-603 -606 3329 0
-3328 3329 0
-603 -606 -3328 0
-616 -621 3330 0
-3329 3330 0
-616 -621 -3329 0
-616 -623 3331 0
-3330 3331 0
-616 -623 -3330 0
-617 -622 3332 0
-3331 3332 0
-617 -622 -3331 0
-617 -624 3333 0
-3332 3333 0
-617 -624 -3332 0
-618 -623 3334 0
-3333 3334 0
-618 -623 -3333 0
-618 -621 3335 0
-3334 3335 0
-618 -621 -3334 0
-619 -624 3336 0
-3335 3336 0
-619 -624 -3335 0
-619 -622 3337 0
-3336 3337 0
-619 -622 -3336 0
-632 -637 3338 0
-3337 3338 0
-632 -637 -3337 0
-632 -639 3339 0
-3338 3339 0
-632 -639 -3338 0
-633 -638 3340 0
-3339 3340 0
-633 -638 -3339 0
-633 -640 3341 0
-3340 3341 0
-633 -640 -3340 0
-634 -639 3342 0
-3341 3342 0
-634 -639 -3341 0
-634 -637 3343 0
-3342 3343 0
-634 -637 -3342 0
-635 -640 3344 0
-3343 3344 0
-635 -640 -3343 0
-635 -638 3345 0
-3344 3345 0
-635 -638 -3344 0
-648 -653 3346 0
-3345 3346 0
-648 -653 -3345 0
-648 -655 3347 0
-3346 3347 0
-648 -655 -3346 0
-649 -654 3348 0
-3347 3348 0
-649 -654 -3347 0
-649 -656 3349 0
-3348 3349 0
-649 -656 -3348 0
-650 -655 3350 0
-3349 3350 0
-650 -655 -3349 0
-650 -653 3351 0
-3350 3351 0
-650 -653 -3350 0
-651 -656 3352 0
-3351 3352 0
-651 -656 -3351 0
-651 -654 3353 0
-3352 3353 0
-651 -654 -3352 0
-664 -669 3354 0
-3353 3354 0
-664 -669 -3353 0
-664 -671 3355 0
-3354 3355 0
-664 -671 -3354 0
-665 -670 3356 0
-3355 3356 0
-665 -670 -3355 0
-665 -672 3357 0
-3356 3357 0
-665 -672 -3356 0
-666 -671 3358 0
-3357 3358 0
-666 -671 -3357 0
-666 -669 3359 0
-3358 3359 0
-666 -669 -3358 0
-667 -672 3360 0
-3359 3360 0
-667 -672 -3359 0
-667 -670 3361 0
-3360 3361 0
-667 -670 -3360 0
-680 -685 3362 0
-3361 3362 0
-680 -685 -3361 0
-680 -687 3363 0
-3362 3363 0
-680 -687 -3362 0
-681 -686 3364 0
-3363 3364 0
-681 -686 -3363 0
-681 -688 3365 0
-3364 3365 0
-681 -688 -3364 0
-682 -687 3366 0
-3365 3366 0
-682 -687 -3365 0
-682 -685 3367 0
-3366 3367 0
-682 -685 -3366 0
-683 -688 3368 0
-3367 3368 0
-683 -688 -3367 0
-683 -686 3369 0
-3368 3369 0
-683 -686 -3368 0
-696 -701 3370 0
-3369 3370 0
-696 -701 -3369 0
-696 -703 3371 0
-3370 3371 0
-696 -703 -3370 0
-697 -702 3372 0
-3371 3372 0
-697 -702 -3371 0
-697 -704 3373 0
-3372 3373 0
-697 -704 -3372 0
-698 -703 3374 0
-3373 3374 0
-698 -703 -3373 0
-698 -701 3375 0
-3374 3375 0
-698 -701 -3374 0
-699 -704 3376 0
-3375 3376 0
-699 -704 -3375 0
-699 -702 3377 0
-3376 3377 0
-699 -702 -3376 0
-712 -717 3378 0
-3377 3378 0
-712 -717 -3377 0
-712 -719 3379 0
-3378 3379 0
-712 -719 -3378 0
-713 -718 3380 0
-3379 3380 0
-713 -718 -3379 0
-713 -720 3381 0
-3380 3381 0
-713 -720 -3380 0
-714 -719 3382 0
-3381 3382 0
-714 -719 -3381 0
-714 -717 3383 0
-3382 3383 0
-714 -717 -3382 0
-715 -720 3384 0
-3383 3384 0
-715 -720 -3383 0
-715 -718 3385 0
-3384 3385 0
-715 -718 -3384 0
-728 -733 3386 0
-3385 3386 0
-728 -733 -3385 0
-728 -735 3387 0
-3386 3387 0
-728 -735 -3386 0
-729 -734 3388 0
-3387 3388 0
-729 -734 -3387 0
-729 -736 3389 0
-3388 3389 0
-729 -736 -3388 0
-730 -735 3390 0
-3389 3390 0
-730 -735 -3389 0
-730 -733 3391 0
-3390 3391 0
-730 -733 -3390 0
-731 -736 3392 0
-3391 3392 0
-731 -736 -3391 0
-731 -734 3393 0
-3392 3393 0
-731 -734 -3392 0
-744 -749 3394 0
-3393 3394 0
-744 -749 -3393 0
-744 -751 3395 0
-3394 3395 0
-744 -751 -3394 0
-745 -750 3396 0
-3395 3396 0
-745 -750 -3395 0
-745 -752 3397 0
-3396 3397 0
-745 -752 -3396 0
-746 -751 3398 0
-3397 3398 0
-746 -751 -3397 0
-746 -749 3399 0
-3398 3399 0
-746 -749 -3398 0
-747 -752 3400 0
-3399 3400 0
-747 -752 -3399 0
-747 -750 3401 0
-3400 3401 0
-747 -750 -3400 0
-760 -765 3402 0
-3401 3402 0
-760 -765 -3401 0
-760 -767 3403 0
-3402 3403 0
-760 -767 -3402 0
-761 -766 3404 0
-3403 3404 0
-761 -766 -3403 0
-761 -768 3405 0
-3404 3405 0
-761 -768 -3404 0
-762 -767 3406 0
-3405 3406 0
-762 -767 -3405 0
-762 -765 3407 0
-3406 3407 0
-762 -765 -3406 0
-763 -768 3408 0
-3407 3408 0
-763 -768 -3407 0
-763 -766 3409 0
-3408 3409 0
-763 -766 -3408 0
-776 -781 3410 0
-3409 3410 0
-776 -781 -3409 0
-776 -783 3411 0
-3410 3411 0
-776 -783 -3410 0
-777 -782 3412 0
-3411 3412 0
-777 -782 -3411 0
-777 -784 3413 0
-3412 3413 0
-777 -784 -3412 0
-778 -783 3414 0
-3413 3414 0
-778 -783 -3413 0
-778 -781 3415 0
-3414 3415 0
-778 -781 -3414 0
-779 -784 3416 0
-3415 3416 0
-779 -784 -3415 0
-779 -782 3417 0
-3416 3417 0
-779 -782 -3416 0
-792 -797 3418 0
-3417 3418 0
-792 -797 -3417 0
-792 -799 3419 0
-3418 3419 0
-792 -799 -3418 0
-793 -798 3420 0
-3419 3420 0
-793 -798 -3419 0
-793 -800 3421 0
-3420 3421 0
-793 -800 -3420 0
-794 -799 3422 0
-3421 3422 0
-794 -799 -3421 0
-794 -797 3423 0
-3422 3423 0
-794 -797 -3422 0
-795 -800 3424 0
-3423 3424 0
-795 -800 -3423 0
-795 -798 3425 0
-3424 3425 0
-795 -798 -3424 0
-808 -813 3426 0
-3425 3426 0
-808 -813 -3425 0
-808 -815 3427 0
-3426 3427 0
-808 -815 -3426 0
-809 -814 3428 0
-3427 3428 0
-809 -814 -3427 0
-809 -816 3429 0
-3428 3429 0
-809 -816 -3428 0
-810 -815 3430 0
-3429 3430 0
-810 -815 -3429 0
-810 -813 3431 0
-3430 3431 0
-810 -813 -3430 0
-811 -816 3432 0
-3431 3432 0
-811 -816 -3431 0
-811 -814 3433 0
-3432 3433 0
-811 -814 -3432 0
-824 -829 3434 0
-3433 3434 0
-824 -829 -3433 0
-824 -831 3435 0
-3434 3435 0
-824 -831 -3434 0
-825 -830 3436 0
-3435 3436 0
-825 -830 -3435 0
-825 -832 3437 0
-3436 3437 0
-825 -832 -3436 0
-826 -831 3438 0
-3437 3438 0
-826 -831 -3437 0
-826 -829 3439 0
-3438 3439 0
-826 -829 -3438 0
-827 -832 3440 0
-3439 3440 0
-827 -832 -3439 0
-827 -830 3441 0
-3440 3441 0
-827 -830 -3440 0
-840 -845 3442 0
-3441 3442 0
-840 -845 -3441 0
-840 -847 3443 0
-3442 3443 0
-840 -847 -3442 0
-841 -846 3444 0
-3443 3444 0
-841 -846 -3443 0
-841 -848 3445 0
-3444 3445 0
-841 -848 -3444 0
-842 -847 3446 0
-3445 3446 0
-842 -847 -3445 0
-842 -845 3447 0
-3446 3447 0
-842 -845 -3446 0
-843 -848 3448 0
-3447 3448 0
-843 -848 -3447 0
-843 -846 3449 0
-3448 3449 0
-843 -846 -3448 0
-856 -861 3450 0
-3449 3450 0
-856 -861 -3449 0
-856 -863 3451 0
-3450 3451 0
-856 -863 -3450 0
-857 -862 3452 0
-3451 3452 0
-857 -862 -3451 0
-857 -864 3453 0
-3452 3453 0
-857 -864 -3452 0
-858 -863 3454 0
-3453 3454 0
-858 -863 -3453 0
-858 -861 3455 0
-3454 3455 0
-858 -861 -3454 0
-859 -864 3456 0
-3455 3456 0
-859 -864 -3455 0
-859 -862 -3456 0
-52 0
-60 0
-100 0
-108 0
-148 0
-156 0
-196 0
-204 0
-244 0
-252 0
-292 0
-300 0
-340 0
-348 0
-388 0
-396 0
-94 0
-102 0
-142 0
-150 0
-190 0
-198 0
-238 0
-246 0
-286 0
-294 0
-334 0
-342 0
-382 0
-390 0
-430 0
-438 0
-49 0
-57 0
-57 0
-65 0
-65 0
-73 0
-73 0
-81 0
-81 0
-89 0
-89 0
-97 0
-391 0
-399 0
-399 0
-407 0
-407 0
-415 0
-415 0
-423 0
-423 0
-431 0
-431 0
-439 0
-56 0
-64 0
-104 0
-112 0
-152 0
-160 0
-200 0
-208 0
-248 0
-256 0
-296 0
-304 0
-344 0
-352 0
-392 0
-400 0
-90 0
-98 0
-138 0
-146 0
-186 0
-194 0
-234 0
-242 0
-282 0
-290 0
-330 0
-338 0
-378 0
-386 0
-426 0
-434 0
-53 0
-61 0
-61 0
-69 0
-69 0
-77 0
-77 0
-85 0
-85 0
-93 0
-93 0
-101 0
-387 0
-395 0
-395 0
-403 0
-403 0
-411 0
-411 0
-419 0
-419 0
-427 0
-427 0
-435 0
-11 -10 -9 -8 -3 -2 -1 0 0
197 198 199 200 205 206 207 208 0
497 498 499 500 505 506 507 508 0
417 418 419 420 425 426 427 428 0
11 497 498 499 500 0
10 497 498 499 500 0
9 497 498 499 500 0
8 497 498 499 500 0
-205 425 426 427 428 0
-206 425 426 427 428 0
-207 425 426 427 428 0
-208 425 426 427 428 0
